mol_id,smiles,error,RDKit_AvgIpc,RDKit_BCUT2D_CHGHI,RDKit_BCUT2D_CHGLO,RDKit_BCUT2D_LOGPHI,RDKit_BCUT2D_LOGPLOW,RDKit_BCUT2D_MRHI,RDKit_BCUT2D_MRLOW,RDKit_BCUT2D_MWHI,RDKit_BCUT2D_MWLOW,RDKit_BalabanJ,RDKit_BertzCT,RDKit_Chi0,RDKit_Chi0n,RDKit_Chi0v,RDKit_Chi1,RDKit_Chi1n,RDKit_Chi1v,RDKit_Chi2n,RDKit_Chi2v,RDKit_Chi3n,RDKit_Chi3v,RDKit_Chi4n,RDKit_Chi4v,RDKit_EState_VSA1,RDKit_EState_VSA10,RDKit_EState_VSA11,RDKit_EState_VSA2,RDKit_EState_VSA3,RDKit_EState_VSA4,RDKit_EState_VSA5,RDKit_EState_VSA6,RDKit_EState_VSA7,RDKit_EState_VSA8,RDKit_EState_VSA9,RDKit_ExactMolWt,RDKit_FpDensityMorgan1,RDKit_FpDensityMorgan2,RDKit_FpDensityMorgan3,RDKit_FractionCSP3,RDKit_HallKierAlpha,RDKit_HeavyAtomCount,RDKit_HeavyAtomMolWt,RDKit_Ipc,RDKit_Kappa1,RDKit_Kappa2,RDKit_Kappa3,RDKit_LabuteASA,RDKit_MaxAbsEStateIndex,RDKit_MaxAbsPartialCharge,RDKit_MaxEStateIndex,RDKit_MaxPartialCharge,RDKit_MinAbsEStateIndex,RDKit_MinAbsPartialCharge,RDKit_MinEStateIndex,RDKit_MinPartialCharge,RDKit_MolLogP,RDKit_MolMR,RDKit_MolWt,RDKit_NHOHCount,RDKit_NOCount,RDKit_NumAliphaticCarbocycles,RDKit_NumAliphaticHeterocycles,RDKit_NumAliphaticRings,RDKit_NumAmideBonds,RDKit_NumAromaticCarbocycles,RDKit_NumAromaticHeterocycles,RDKit_NumAromaticRings,RDKit_NumAtomStereoCenters,RDKit_NumAtoms,RDKit_NumBonds,RDKit_NumBridgeheadAtoms,RDKit_NumHAcceptors,RDKit_NumHDonors,RDKit_NumHeteroatoms,RDKit_NumHeterocycles,RDKit_NumRadicalElectrons,RDKit_NumRings,RDKit_NumRotatableBonds,RDKit_NumSaturatedCarbocycles,RDKit_NumSaturatedHeterocycles,RDKit_NumSaturatedRings,RDKit_NumSpiroAtoms,RDKit_NumUnspecifiedAtomStereoCenters,RDKit_NumValenceElectrons,RDKit_PEOE_VSA1,RDKit_PEOE_VSA10,RDKit_PEOE_VSA11,RDKit_PEOE_VSA12,RDKit_PEOE_VSA13,RDKit_PEOE_VSA14,RDKit_PEOE_VSA2,RDKit_PEOE_VSA3,RDKit_PEOE_VSA4,RDKit_PEOE_VSA5,RDKit_PEOE_VSA6,RDKit_PEOE_VSA7,RDKit_PEOE_VSA8,RDKit_PEOE_VSA9,RDKit_Phi,RDKit_RingCount,RDKit_SMR_VSA1,RDKit_SMR_VSA10,RDKit_SMR_VSA2,RDKit_SMR_VSA3,RDKit_SMR_VSA4,RDKit_SMR_VSA5,RDKit_SMR_VSA6,RDKit_SMR_VSA7,RDKit_SMR_VSA8,RDKit_SMR_VSA9,RDKit_SPS,RDKit_SlogP_VSA1,RDKit_SlogP_VSA10,RDKit_SlogP_VSA11,RDKit_SlogP_VSA12,RDKit_SlogP_VSA2,RDKit_SlogP_VSA3,RDKit_SlogP_VSA4,RDKit_SlogP_VSA5,RDKit_SlogP_VSA6,RDKit_SlogP_VSA7,RDKit_SlogP_VSA8,RDKit_SlogP_VSA9,RDKit_TPSA,RDKit_VSA_EState1,RDKit_VSA_EState10,RDKit_VSA_EState2,RDKit_VSA_EState3,RDKit_VSA_EState4,RDKit_VSA_EState5,RDKit_VSA_EState6,RDKit_VSA_EState7,RDKit_VSA_EState8,RDKit_VSA_EState9,RDKit_fr_Al_COO,RDKit_fr_Al_OH,RDKit_fr_Al_OH_noTert,RDKit_fr_ArN,RDKit_fr_Ar_COO,RDKit_fr_Ar_N,RDKit_fr_Ar_NH,RDKit_fr_Ar_OH,RDKit_fr_COO,RDKit_fr_COO2,RDKit_fr_C_O,RDKit_fr_C_O_noCOO,RDKit_fr_C_S,RDKit_fr_HOCCN,RDKit_fr_Imine,RDKit_fr_NH0,RDKit_fr_NH1,RDKit_fr_NH2,RDKit_fr_N_O,RDKit_fr_Ndealkylation1,RDKit_fr_Ndealkylation2,RDKit_fr_Nhpyrrole,RDKit_fr_SH,RDKit_fr_aldehyde,RDKit_fr_alkyl_carbamate,RDKit_fr_alkyl_halide,RDKit_fr_allylic_oxid,RDKit_fr_amide,RDKit_fr_amidine,RDKit_fr_aniline,RDKit_fr_aryl_methyl,RDKit_fr_azide,RDKit_fr_azo,RDKit_fr_barbitur,RDKit_fr_benzene,RDKit_fr_benzodiazepine,RDKit_fr_bicyclic,RDKit_fr_diazo,RDKit_fr_dihydropyridine,RDKit_fr_epoxide,RDKit_fr_ester,RDKit_fr_ether,RDKit_fr_furan,RDKit_fr_guanido,RDKit_fr_halogen,RDKit_fr_hdrzine,RDKit_fr_hdrzone,RDKit_fr_imidazole,RDKit_fr_imide,RDKit_fr_isocyan,RDKit_fr_isothiocyan,RDKit_fr_ketone,RDKit_fr_ketone_Topliss,RDKit_fr_lactam,RDKit_fr_lactone,RDKit_fr_methoxy,RDKit_fr_morpholine,RDKit_fr_nitrile,RDKit_fr_nitro,RDKit_fr_nitro_arom,RDKit_fr_nitro_arom_nonortho,RDKit_fr_nitroso,RDKit_fr_oxazole,RDKit_fr_oxime,RDKit_fr_para_hydroxylation,RDKit_fr_phenol,RDKit_fr_phenol_noOrthoHbond,RDKit_fr_phos_acid,RDKit_fr_phos_ester,RDKit_fr_piperdine,RDKit_fr_piperzine,RDKit_fr_priamide,RDKit_fr_prisulfonamd,RDKit_fr_pyridine,RDKit_fr_quatN,RDKit_fr_sulfide,RDKit_fr_sulfonamd,RDKit_fr_sulfone,RDKit_fr_term_acetylene,RDKit_fr_tetrazole,RDKit_fr_thiazole,RDKit_fr_thiocyan,RDKit_fr_thiophene,RDKit_fr_unbrch_alkane,RDKit_fr_urea,RDKit_qed
mol_0001,O=[N+]([O-])c1ccccc1-c1ccccc1,,2.5305606281673683,2.1232994780090744,-2.01219944554847,2.2818438132439547,-1.904260720303299,5.725937032437743,-0.3836968351294442,16.62832677630573,10.042572153632484,3.127504780199056,868.3131033684693,18.505553499465137,16.263710176427686,7.263710176427685,11.017519627752552,8.33875516942009,3.83875516942009,2.4807165828350275,2.4807165828350275,1.6002792841475397,1.6002792841475397,0.998734038251281,0.998734038251281,76.11936867586488,10.114318268765572,0.0,0.0,0.0,0.0,0.0,0.0,0.0,0.0,12.33682700553198,199.063328528,1.0,1.6,2.2666666666666666,0.0,-2.1599999999999993,15,190.13699999999997,128248.81263552222,3.4504538999696353,3.9196606578585556,1.8579700809820534,99.78620754957106,11.295475560594607,0.2766857632447041,11.295475560594607,0.2766857632447041,0.639166666666666,0.2582903694182831,-1.0615953325774758,-0.2582903694182831,3.261800000000002,58.53240000000003,199.20900000000006,0,3,0,0,0,0,2,0,2,0,24,25,0,2,0,3,0,0,2,2,0,0,0,0,0,74,0.0,0.0,0.0,0.0,5.687386274683562,0.0,10.114318268765572,0.0,0.0,0.0,42.29693095364306,11.60587019936029,6.042418707663295,22.823589546046644,0.90164056023104,2,17.26013805434965,5.687386274683562,0.0,0.0,0.0,0.0,0.0,64.49608663773523,0.0,11.126902983393991,18.266666666666666,0.0,5.687386274683562,0.0,0.0,4.923311048817671,0.0,10.114318268765572,12.33682700553198,54.38176836896965,0.0,11.126902983393991,0.0,43.14,69.12118192029898,0.0,10.233880228017131,11.295475560594607,-2.414601284958427,0.0,-7.235936423952294,0.0,0.0,0.0,0,0,0,0,0,0,0,0,0,0,0,0,0,0,0,1,0,0,0,0,0,0,0,0,0,0,0,0,0,0,0,0,0,0,2,0,0,0,0,0,0,0,0,0,0,0,0,0,0,0,0,0,0,0,0,0,0,0,1,1,0,0,0,0,1,0,0,0,0,0,0,0,0,0,0,0,0,0,0,0,0,0,0,0,0,0.5499294237699656
mol_0002,O=[N+]([O-])c1cc([N+](=O)[O-])c(F)cc1F,,2.1311082070874128,2.2404960129716143,-1.951039930037618,2.2567604569489634,-1.9806008935339152,5.443398783539902,-0.3969275982816192,19.145518691722714,10.239521723193388,3.7965840251273604,466.7872820395884,12.618802153517008,8.283349298873823,6.283349298873822,7.285468820183672,4.055474811849407,3.0554748118494066,2.089397638679282,2.089397638679282,1.237252831397555,1.237252831397555,0.68823240175373,0.68823240175373,44.94067374442084,29.009466632880788,0.0,0.0,0.0,0.0,0.0,0.0,0.0,0.0,2.7415171123404405,203.998262984,1.0714285714285714,1.4285714285714286,1.7142857142857142,0.0,-2.12,14,202.07199999999997,2250.4502666843077,7.299536745592106,3.3220621693717494,1.6273772513527331,77.87836637068466,13.00572373393802,0.31138263678829836,13.00572373393802,0.31138263678829836,1.4145370370370363,0.2582140019597284,-1.9045370370370371,-0.2582140019597284,1.7811999999999997,39.6668,204.088,0,6,0,0,0,0,1,0,1,0,16,16,0,4,0,8,0,0,1,2,0,0,0,0,0,74,0.0,6.042418707663295,0.0,11.63444168209179,0.0,11.374772549367124,20.228636537531145,0.0,8.78083009534964,0.0,0.0,0.0,6.042418707663295,12.58813920997578,1.7321082054621793,1,21.36896930532542,11.374772549367124,0.0,0.0,0.0,0.0,0.0,43.947915634949524,0.0,0.0,11.857142857142858,0.0,20.155602644716765,0.0,0.0,9.846622097635342,0.0,31.863078219622935,2.7415171123404405,12.08483741532659,0.0,0.0,0.0,86.28,39.717373393801964,0.0,17.76714663643235,20.596220710506422,-3.170185185185185,-3.809074074074074,-3.101481481481481,0.0,0.0,0.0,0,0,0,0,0,0,0,0,0,0,0,0,0,0,0,2,0,0,0,0,0,0,0,0,0,0,0,0,0,0,0,0,0,0,1,0,0,0,0,0,0,0,0,0,2,0,0,0,0,0,0,0,0,0,0,0,0,0,2,2,0,0,0,0,0,0,0,0,0,0,0,0,0,0,0,0,0,0,0,0,0,0,0,0,0,0.5421523206647885
mol_0003,Nc1ccc([N+](=O)[O-])cc1Cl,,2.140020892483553,2.0581174318475166,-1.9480001622335787,2.2293569086007397,-1.8992652949160362,6.327692008365602,-0.3844185599623727,35.49569114842179,10.273079242488489,3.6978735709757973,437.7174963849058,12.618802153517006,10.088888244936868,5.8448171909553235,7.285468820183674,4.895771394674598,2.8793086766839093,1.64330561708962,2.0212700900988474,0.9179298145737672,1.1914274765512325,0.45896490728688355,0.5957137382756161,39.447973034916004,10.114318268765572,0.0,5.719716975726273,0.0,0.0,0.0,0.0,0.0,0.0,18.536899715399578,172.00395508,1.8181818181818181,2.5454545454545454,3.090909090909091,0.0,-1.29,11,167.53099999999998,2268.422146032566,3.404318575163333,2.7545585087790707,1.588952172998747,74.86850153120689,10.544417359536407,0.3975160549785139,10.544417359536407,0.27057002467657526,0.05111866969009826,0.27057002467657526,-0.9894860166288733,-0.3975160549785139,1.8303999999999998,42.518800000000006,172.57100000000003,2,4,0,0,0,0,1,0,1,0,16,16,0,3,1,5,0,0,1,2,0,0,0,0,0,58,5.719716975726273,0.0,2.8236841566564013,0.0,5.687386274683562,0.0,10.114318268765572,0.0,0.0,0.0,11.600939890232516,6.042418707663295,12.08483741532659,19.745606305753217,0.8524904270737093,1,11.859270873984732,22.97571243959964,0.0,0.0,0.0,0.0,5.719716975726273,33.26420770549678,0.0,0.0,15.545454545454545,5.719716975726273,11.374772549367124,0.0,11.600939890232516,4.923311048817671,0.0,10.114318268765572,4.1122756685106605,18.127256122989884,7.846317470397728,0.0,0.0,69.16,35.840566263542456,5.537746913580246,9.554931342907533,9.986732174351223,-1.4790199042579983,0.0,-2.3298456790123447,0.0,0.0,0.0,0,0,0,1,0,0,0,0,0,0,0,0,0,0,0,1,0,1,0,0,0,0,0,0,0,0,0,0,0,1,0,0,0,0,1,0,0,0,0,0,0,0,0,0,1,0,0,0,0,0,0,0,0,0,0,0,0,0,1,1,0,0,0,0,0,0,0,0,0,0,0,0,0,0,0,0,0,0,0,0,0,0,0,0,0,0.39921483447818135
mol_0004,O=[N+]([O-])c1ccc(Cl)c([N+](=O)[O-])c1,,2.1311082070874128,2.1689250822912616,-1.9365496762020025,2.275035470807389,-1.9224065678653848,6.322345923746072,-0.3936418102727864,35.49569127860006,10.267027969517153,3.79658402512736,466.03239453742486,12.618802153517008,8.905384825864596,6.661313771883051,7.285468820183674,4.366492575344793,3.244457048354021,1.9004154021746684,2.2783798751838957,1.1005040004088227,1.3740016623862878,0.5886264218033161,0.7521240959898583,44.371284083733684,20.228636537531145,0.0,0.0,0.0,0.0,0.0,0.0,0.0,0.0,15.713215558743174,201.978134256,1.3076923076923077,1.9230769230769231,2.3846153846153846,0.0,-1.69,13,199.529,2250.4502666843077,5.870845723695295,3.359310173331615,1.9093966896778856,81.25553229188165,10.514890400604687,0.2942478961038835,10.514890400604687,0.2942478961038835,0.7448148148148144,0.2583059663135596,-1.1190123456790118,-0.2583059663135596,2.1564000000000005,44.76080000000001,202.55300000000003,0,6,0,0,0,0,1,0,1,0,16,16,0,4,0,7,0,0,1,2,0,0,0,0,0,68,0.0,5.022633313741326,0.0,0.0,11.374772549367124,0.0,20.228636537531145,0.0,0.0,0.0,11.600939890232516,6.042418707663295,6.042418707663295,20.001316473809297,1.517076289666924,1,13.958897766146,22.97571243959964,0.0,0.0,0.0,0.0,0.0,43.37852597426235,0.0,0.0,12.846153846153847,0.0,11.374772549367124,0.0,11.600939890232516,9.846622097635342,0.0,20.228636537531145,4.1122756685106605,18.127256122989884,5.022633313741326,0.0,0.0,86.28,21.600867346938777,5.3836602418745265,18.80520534139582,20.267551020408163,-2.129197530864197,0.0,-2.8169753086419744,0.0,0.0,0.0,0,0,0,0,0,0,0,0,0,0,0,0,0,0,0,2,0,0,0,0,0,0,0,0,0,0,0,0,0,0,0,0,0,0,1,0,0,0,0,0,0,0,0,0,1,0,0,0,0,0,0,0,0,0,0,0,0,0,2,2,0,0,0,0,0,0,0,0,0,0,0,0,0,0,0,0,0,0,0,0,0,0,0,0,0,0.5431080805091585
mol_0005,CN1C(=O)c2ccc([N+](=O)[O-])cc2C1=O,,2.5707185789777576,2.333780502825707,-2.019127857692175,2.248781326923069,-2.2372039064484044,6.2091126887113655,-0.38445256404509526,16.62825920229865,10.099009681928713,2.8599367079295512,713.415031885747,16.27350269189626,13.02742035285537,7.027420352855368,9.496793685588859,6.66782385313389,3.66782385313389,2.676431908276962,2.676431908276962,1.8157895112769902,1.8157895112769902,1.124272943050191,1.124272943050191,58.65504278887037,19.703392636909214,0.0,4.899909730850478,0.0,0.0,0.0,0.0,0.0,0.0,8.224551337021321,206.032756672,1.4,2.066666666666667,2.6666666666666665,0.1111111111111111,-2.2399999999999998,15,200.10899999999998,28038.827540910403,4.519510891835631,2.8755047037197228,1.183952543370293,92.68607490295511,11.970932067271352,0.277471498956697,11.970932067271352,0.2697757866691337,0.14195200302343158,0.2697757866691337,-3.1497649754346195,-0.277471498956697,0.8206,49.520400000000016,206.15700000000004,0,6,0,1,1,2,1,0,1,0,21,22,0,4,0,6,1,0,2,1,0,0,0,0,0,76,0.0,0.0,0.0,0.0,17.501745733386574,0.0,24.603302367759692,0.0,0.0,0.0,0.0,6.042418707663295,23.172939984119495,20.162489700722322,0.8663916551990583,2,22.736936753982633,17.501745733386574,0.0,4.899909730850478,0.0,0.0,6.975826900282246,39.368477375149446,0.0,0.0,20.933333333333334,0.0,5.687386274683562,0.0,0.0,28.613407138653404,0.0,10.114318268765572,28.940528688558953,18.127256122989884,0.0,0.0,0.0,80.52000000000001,43.924780328798185,0.0,33.47413466080877,10.822579955593348,-2.7149612622826904,-2.7699092970521546,-3.0035260770975043,0.0,-3.1497649754346195,0.0,0,0,0,0,0,0,0,0,0,0,2,2,0,0,0,2,0,0,0,0,0,0,0,0,0,0,0,2,0,0,0,0,0,0,1,0,1,0,0,0,0,0,0,0,0,0,0,0,1,0,0,0,0,0,0,0,0,0,1,1,0,0,0,0,0,0,0,0,0,0,0,0,0,0,0,0,0,0,0,0,0,0,0,0,0,0.3867072922176287
mol_0006,O=[N+]([O-])c1ccc(F)cc1F,,2.112066060343762,2.1246557278463527,-1.912111170565795,2.1601671240615055,-1.9175793784844228,5.307997164378142,-0.38716868398769183,19.14546851565103,10.284855875256696,3.682463305848331,395.02302318834774,11.041451884327381,8.019639122446138,5.019639122446138,6.374785217660714,3.966719642429317,2.466719642429317,1.6086810558442544,1.6086810558442544,0.9006175339510841,0.9006175339510841,0.48154033143158975,0.48154033143158975,40.37239512858291,18.89514836411521,0.0,0.0,0.0,0.0,0.0,0.0,0.0,0.0,4.1122756685106605,159.013184776,1.5454545454545454,2.1818181818181817,2.727272727272727,0.0,-1.5200000000000002,11,156.06699999999998,971.5503877581306,4.376942800788955,2.611074500964172,1.4859491617090321,64.63036114835268,12.881574074074074,0.3044930151000674,12.881574074074074,0.3044930151000674,1.149907407407407,0.25821769813485285,-1.7282407407407405,-0.25821769813485285,1.873,33.01240000000001,159.091,0,3,0,0,0,0,1,0,1,0,14,14,0,2,0,5,0,0,1,1,0,0,0,0,0,58,0.0,5.817220841045895,0.0,5.817220841045895,0.0,5.687386274683562,10.114318268765572,4.39041504767482,4.39041504767482,0.0,0.0,6.042418707663295,12.08483741532659,9.035586717328332,1.0389567035744314,1,17.81641681267797,5.687386274683562,0.0,0.0,0.0,0.0,0.0,39.876016073847246,0.0,0.0,13.454545454545455,0.0,14.468216370033202,0.0,0.0,4.923311048817671,0.0,21.748759950857362,4.1122756685106605,18.127256122989884,0.0,0.0,0.0,43.14,46.15146447467876,0.0,8.95801776266062,10.214777021919879,-1.3459259259259257,-3.299444444444444,-3.6788888888888875,0.0,0.0,0.0,0,0,0,0,0,0,0,0,0,0,0,0,0,0,0,1,0,0,0,0,0,0,0,0,0,0,0,0,0,0,0,0,0,0,1,0,0,0,0,0,0,0,0,0,2,0,0,0,0,0,0,0,0,0,0,0,0,0,1,1,0,0,0,0,0,0,0,0,0,0,0,0,0,0,0,0,0,0,0,0,0,0,0,0,0,0.46331559245773185
mol_0007,O=C1c2ccccc2C(=O)c2c1ccc(C(=O)O)c2[N+](=O)[O-],,2.6734305202875936,2.379483370710201,-2.17172344396063,2.3485859739825767,-2.2305353275366935,6.299814589561511,-0.38495176990872854,16.628789631678096,9.82000678229306,2.583485655720502,1193.1434443432104,21.944711088220565,17.39670333828314,10.396703338283137,13.466208032736297,9.063500040811679,5.655251750347817,4.176422351864155,4.176422351864155,3.018553419280828,3.018553419280828,2.1148411948620525,2.1148411948620525,92.2182622086477,24.49792982098104,0.0,0.0,0.0,0.0,0.0,0.0,0.0,5.1088081911072125,9.655750994253955,297.0273369440002,1.0909090909090908,1.7272727272727273,2.3181818181818183,0.0,-3.3500000000000005,22,290.166,1773623.316352317,7.599376898652427,4.589937946900745,1.722968082735397,132.4307320493506,12.993940854119423,0.4774544956876777,12.993940854119423,0.3422536731144127,0.7856333196858982,0.3422536731144127,-1.7092499160157895,-0.4774544956876777,2.0684,73.36270000000002,297.22199999999987,1,7,1,0,1,0,2,0,2,0,29,31,0,6,1,7,0,0,3,2,0,0,0,0,0,108,5.1088081911072125,11.126902983393991,5.783244946364939,5.783244946364939,7.118585931916196,5.969305287951849,19.703392636909218,4.794537184071822,0.0,0.0,24.16967483065318,12.08483741532659,16.690354475090988,13.147862385838991,1.5854849272693488,3,32.64028212916167,23.22318145536529,1.4311996572326342,0.0,0.0,0.0,0.0,74.18608797323031,0.0,0.0,16.818181818181817,0.0,5.687386274683562,0.0,0.0,27.56791442060661,0.0,10.114318268765572,50.42542034772178,36.25451224597977,0.0,1.4311996572326342,0.0,114.58000000000001,53.492891496563935,0.0,48.051728046935025,15.240690906566178,-6.190762340429997,-4.3946004451163185,-5.699947664518822,0.0,0.0,0.0,0,0,0,0,1,0,0,0,1,1,3,2,0,0,0,1,0,0,0,0,0,0,0,0,0,0,0,0,0,0,0,0,0,0,2,0,2,0,0,0,0,0,0,0,0,0,0,0,0,0,0,2,0,0,0,0,0,0,1,1,0,0,0,0,0,0,0,0,0,0,0,0,0,0,0,0,0,0,0,0,0,0,0,0,0,0.5716114650765802
mol_0008,O=C1c2cc([N+](=O)[O-])ccc2-c2c1cc([N+](=O)[O-])cc2[N+](=O)[O-],,2.8531705487248002,2.364090450200617,-2.0156283711209193,2.447862682986458,-1.9957457432557864,6.232830372879182,-0.3933119497302323,16.63631780664479,10.026418381086152,2.641664255081656,1180.578323138606,21.23760430703402,15.699378819746917,10.699378819746917,12.92820323027551,8.220389653492202,5.720389653492202,4.271273893737014,4.271273893737014,3.018158598799559,3.018158598799559,2.1175572810415146,2.1175572810415146,90.08123642197307,35.13749199036854,0.0,0.0,0.0,0.0,0.0,0.0,0.0,0.0,6.853792780851101,315.0127495000001,0.782608695652174,1.391304347826087,1.9565217391304348,0.0,-3.6900000000000004,23,310.15700000000004,1072073.1273422462,9.352274948531244,4.660591555503037,2.0032089934998734,132.99291005481055,12.715336356764928,0.2885530808316202,12.715336356764928,0.28434142604898194,0.7044463340891911,0.28434142604898194,-1.330740740740741,-0.2885530808316202,2.622600000000001,75.27370000000002,315.19699999999995,0,10,1,0,1,0,2,0,2,0,28,30,0,7,0,10,0,0,3,3,0,0,0,0,0,114,0.0,0.0,5.783244946364939,0.0,17.062158824050687,0.0,35.13749199036854,0.0,0.0,0.0,0.0,6.042418707663295,34.81761059808087,33.229596126664404,1.8950927673855353,3,26.418263111375932,22.845403770415626,0.0,0.0,0.0,0.0,0.0,71.68195132800717,0.0,11.126902983393991,14.782608695652174,0.0,17.062158824050687,0.0,0.0,20.55317809281795,0.0,30.342954806296717,22.775232948316912,30.212093538316473,0.0,11.126902983393991,0.0,146.49,39.10949499244141,0.0,42.824406074158055,33.75439552364155,-7.043430230116737,-1.330740740740741,-5.647458952716889,0.0,0.0,0.0,0,0,0,0,0,0,0,0,0,0,1,1,0,0,0,3,0,0,0,0,0,0,0,0,0,0,0,0,0,0,0,0,0,0,2,0,3,0,0,0,0,0,0,0,0,0,0,0,0,0,0,1,0,0,0,0,0,0,3,3,0,0,0,0,0,0,0,0,0,0,0,0,0,0,0,0,0,0,0,0,0,0,0,0,0,0.532561979950938
mol_0009,O=[N+]([O-])c1cc(Cl)ccc1Cl,,2.112066060343762,2.1062055533747697,-1.9321426297920832,2.2625542998908634,-1.8746633605283811,6.342235636257837,-0.3842895380360965,35.49678662102746,10.308399471439369,3.682463305848331,395.02302318834774,11.041451884327381,8.019639122446138,6.5314970144830475,6.374785217660714,3.966719642429317,3.2226485884477714,1.6086810558442544,2.364610001862709,0.9006175339510842,1.3630974324331633,0.4848120449426597,0.7850585501179349,38.783220073973766,10.114318268765572,0.0,0.0,0.0,0.0,0.0,0.0,0.0,0.0,27.31415544897569,190.954083696,1.5454545454545454,2.1818181818181817,2.727272727272727,0.0,-0.8000000000000003,11,188.977,971.5503877581306,4.954820936639118,3.067883356476889,1.8172839506172838,76.90582279626354,10.456248425296044,0.2888627613845735,10.456248425296044,0.2888627613845735,0.43879629629629613,0.25826250384249094,-0.8948148148148145,-0.25826250384249094,2.9016,43.11640000000001,192.00100000000003,0,3,0,0,0,0,1,0,1,0,14,14,0,2,0,5,0,0,1,1,0,0,0,0,0,58,0.0,5.022633313741326,0.0,0.0,5.687386274683562,0.0,10.114318268765572,0.0,0.0,0.0,23.20187978046503,12.08483741532659,11.065052021404622,9.035586717328332,1.3818920623489437,1,9.035586717328332,28.889266055148596,0.0,0.0,0.0,0.0,0.0,38.28684101923811,0.0,0.0,13.454545454545455,0.0,5.687386274683562,0.0,23.20187978046503,4.923311048817671,0.0,10.114318268765572,4.1122756685106605,18.127256122989884,10.045266627482652,0.0,0.0,43.14,21.683645124716556,10.88898148148148,9.56143361048123,9.484489166036786,-0.7382716049382714,0.0,-1.6580555555555547,0.0,0.0,0.0,0,0,0,0,0,0,0,0,0,0,0,0,0,0,0,1,0,0,0,0,0,0,0,0,0,0,0,0,0,0,0,0,0,0,1,0,0,0,0,0,0,0,0,0,2,0,0,0,0,0,0,0,0,0,0,0,0,0,1,1,0,0,0,0,0,0,0,0,0,0,0,0,0,0,0,0,0,0,0,0,0,0,0,0,0,0.5065691418971879
mol_0010,Nc1cc([N+](=O)[O-])ccc1O,,2.214052007889905,2.0610164757170066,-1.9553819634865173,2.2362062083151946,-1.9031676447668766,5.567509929203157,-0.38439013110550696,16.6282511582378,10.249827122352189,3.756116291522026,479.55392491669255,13.325908934703556,11.119172062391506,5.119172062391505,7.82347362264446,5.319161593865779,2.516486112402,1.658447525816938,1.658447525816938,0.9288866026597641,0.9288866026597641,0.46662152810050017,0.46662152810050017,40.174851554458584,10.114318268765572,0.0,5.719716975726273,0.0,0.0,0.0,0.0,0.0,5.1088081911072125,8.367159482399696,154.037842052,1.9090909090909092,2.727272727272727,3.272727272727273,0.0,-1.7799999999999996,11,148.07699999999997,3910.015845933572,2.6893371506127393,2.4517901863265905,1.3728506132569882,70.85110981481627,10.622829743008314,0.505787097481597,10.622829743008314,0.29321102456327547,0.16995370370370377,0.29321102456327547,-1.0521504157218442,-0.505787097481597,0.8825999999999998,39.173600000000015,154.12500000000003,3,5,0,0,0,0,1,0,1,0,17,17,0,4,2,5,0,0,1,3,0,0,0,0,0,58,10.828525166833487,5.749511833283905,2.8236841566564013,0.0,7.118585931916196,0.0,10.114318268765572,0.0,0.0,0.0,0.0,6.042418707663295,12.08483741532659,14.722972992011892,0.5994264030541664,1,16.968079065091946,11.374772549367124,1.4311996572326342,0.0,0.0,0.0,5.719716975726273,28.241574391755456,0.0,5.749511833283905,16.363636363636363,5.719716975726273,11.374772549367124,5.749511833283905,0.0,11.463318897157517,0.0,10.114318268765572,4.1122756685106605,18.127256122989884,2.8236841566564013,0.0,0.0,89.39,42.59670918367347,0.0,9.57067932728647,14.574880007558578,-1.9032870370370363,-0.7124074074074069,-2.6265740740740737,0.0,0.0,0.0,0,0,0,1,0,0,0,1,0,0,0,0,0,0,0,1,0,1,0,0,0,0,0,0,0,0,0,0,0,1,0,0,0,0,1,0,0,0,0,0,0,0,0,0,0,0,0,0,0,0,0,0,0,0,0,0,0,0,1,1,0,0,0,0,0,1,1,0,0,0,0,0,0,0,0,0,0,0,0,0,0,0,0,0,0,0.2717247324132533
mol_0011,Nc1ccc([N+](=O)[O-])cc1O,,2.2153398065845673,2.063633801543477,-1.9548901539299455,2.2398890125199107,-1.894609615945258,5.559392778369547,-0.38447640349945084,16.628299122949507,10.250672166949977,3.7435561561522195,479.55392491669255,13.325908934703554,11.119172062391506,5.119172062391505,7.82347362264446,5.319161593865779,2.516486112402,1.658447525816938,1.658447525816938,0.9288866026597642,0.9288866026597642,0.4644433013298821,0.4644433013298821,40.174851554458584,10.114318268765572,0.0,5.719716975726273,0.0,0.0,0.0,0.0,0.0,5.1088081911072125,8.367159482399696,154.037842052,1.9090909090909092,2.727272727272727,3.272727272727273,0.0,-1.78,11,148.07699999999997,3916.720778041515,2.6893371506127393,2.4517901863265905,1.3728506132569882,70.85110981481627,10.602208994708995,0.5055276527567041,10.602208994708995,0.2932173837874319,0.13292422524565417,0.2932173837874319,-1.0483749055177625,-0.5055276527567041,0.8825999999999998,39.173600000000015,154.12500000000003,3,5,0,0,0,0,1,0,1,0,17,17,0,4,2,5,0,0,1,3,0,0,0,0,0,58,10.828525166833487,5.749511833283905,2.8236841566564013,0.0,7.118585931916196,0.0,10.114318268765572,0.0,0.0,0.0,0.0,6.042418707663295,6.042418707663295,20.765391699675188,0.5994264030541664,1,16.968079065091946,11.374772549367124,1.4311996572326342,0.0,0.0,0.0,5.719716975726273,28.241574391755456,0.0,5.749511833283905,16.363636363636363,5.719716975726273,11.374772549367124,5.749511833283905,0.0,11.463318897157517,0.0,10.114318268765572,4.1122756685106605,18.127256122989884,2.8236841566564013,0.0,0.0,89.39,42.61206632653061,0.0,9.553834089191232,14.539338624338624,-1.7963964474678757,-0.7752777777777771,-2.6335648148148136,0.0,0.0,0.0,0,0,0,1,0,0,0,1,0,0,0,0,0,0,0,1,0,1,0,0,0,0,0,0,0,0,0,0,0,1,0,0,0,0,1,0,0,0,0,0,0,0,0,0,0,0,0,0,0,0,0,0,0,0,0,0,0,0,1,1,0,0,0,0,0,1,1,0,0,0,0,0,0,0,0,0,0,0,0,0,0,0,0,0,0,0.2717247324132533
mol_0012,Cc1ccc(O)c([N+](=O)[O-])c1,,2.1987132757750762,2.1074623163208566,-1.9496620581984974,2.2492176233458543,-1.8802545853198176,5.4656497133103015,-0.38546941880298685,16.629377619907288,10.18968783401243,3.8407713943432134,512.9861724510841,14.248558665513928,12.171958466891546,5.171958466891547,8.124114885526687,5.951127605115884,2.5428793146520214,1.6848407280669593,1.6848407280669593,0.9420832037847748,0.9420832037847748,0.5134384780067492,0.5134384780067492,46.9028088887677,10.114318268765572,0.0,0.0,0.0,0.0,0.0,0.0,0.0,5.1088081911072125,9.655750994253955,153.042593084,1.9090909090909092,2.727272727272727,3.272727272727273,0.14285714285714285,-1.58,11,146.081,4980.085569630548,2.4770158195124625,2.5740375043587767,1.4595312570970036,73.1650184678913,10.738172713529856,0.5020924668453364,10.738172713529856,0.3104542257478287,0.88162037037037,0.3104542257478287,-2.935234315948602,-0.5020924668453364,1.6088199999999997,39.49820000000002,153.13700000000006,1,4,0,0,0,0,1,0,1,0,18,18,0,3,1,4,0,0,1,2,0,0,0,0,0,58,5.1088081911072125,0.0,5.749511833283905,0.0,1.4311996572326342,5.687386274683562,10.114318268765572,0.0,0.0,0.0,6.042418707663295,18.45776231665597,10.154694376173955,9.035586717328332,0.5796301471195517,1,18.256670576946203,5.687386274683562,1.4311996572326342,0.0,0.0,6.851892117295679,0.0,33.80502588345245,0.0,5.749511833283905,19.454545454545453,0.0,5.687386274683562,5.749511833283905,0.0,11.463318897157517,0.0,16.966210386061253,13.788002828718314,18.127256122989884,0.0,0.0,0.0,63.370000000000005,50.197855253212396,0.0,9.62599678760393,14.602076719576718,-2.0026620370370365,-0.9138888888888885,-2.8241435185185173,0.0,-2.935234315948602,0.0,0,0,0,0,0,0,0,1,0,0,0,0,0,0,0,1,0,0,0,0,0,0,0,0,0,0,0,0,0,0,0,0,0,0,1,0,0,0,0,0,0,0,0,0,0,0,0,0,0,0,0,0,0,0,0,0,0,0,1,1,0,0,0,0,0,1,1,0,0,0,0,0,0,0,0,0,0,0,0,0,0,0,0,0,0,0.49199992499635525
mol_0013,Nc1ccccc1[N+](=O)[O-],,2.1837138195732844,2.0651994202057904,-1.92208590593795,2.1794150625608575,-1.9324994802811173,5.565561232428452,-0.38346187622208,16.62839372214582,10.268054465596723,3.759453089093533,463.0673618550158,12.618802153517006,10.710923771927643,4.710923771927642,7.285468820183674,5.206789158169984,2.3123619671700686,1.4543233805850064,1.4543233805850064,0.8311809835850346,0.8311809835850346,0.43141532083890355,0.43141532083890355,40.467758428837975,10.114318268765572,0.0,5.719716975726273,0.0,0.0,0.0,0.0,0.0,0.0,8.306718381337282,138.042927432,1.7,2.4,3.0,0.0,-1.58,10,132.07799999999997,2349.676069860854,2.229407107173155,2.344994095834573,1.0471974342629837,65.97020580449303,10.627112622826907,0.3931676875151401,10.627112622826907,0.29160098401690615,0.19842592592592645,0.29160098401690615,-1.0384259259259268,-0.3931676875151401,1.177,37.50880000000001,138.12600000000003,2,4,0,0,0,0,1,0,1,0,16,16,0,3,1,4,0,0,1,2,0,0,0,0,0,52,5.719716975726273,5.687386274683562,2.8236841566564013,0.0,5.687386274683562,0.0,10.114318268765572,0.0,0.0,0.0,12.08483741532659,6.042418707663295,6.042418707663295,10.406345273498552,0.5227946503532683,1,13.230029430154952,11.374772549367124,0.0,0.0,0.0,0.0,5.719716975726273,34.28399309941875,0.0,0.0,17.2,5.719716975726273,11.374772549367124,0.0,0.0,4.923311048817671,0.0,10.114318268765572,5.483034224680881,24.16967483065318,2.8236841566564013,0.0,0.0,69.16,42.86447845804989,0.0,9.58868669690098,10.627112622826907,-1.9558333333333335,0.0,-3.1244444444444435,0.0,0.0,0.0,0,0,0,1,0,0,0,0,0,0,0,0,0,0,0,1,0,1,0,0,0,0,0,0,0,0,0,0,0,1,0,0,0,0,1,0,0,0,0,0,0,0,0,0,0,0,0,0,0,0,0,0,0,0,0,0,0,0,1,1,0,0,0,0,2,0,0,0,0,0,0,0,0,0,0,0,0,0,0,0,0,0,0,0,0,0.35954360900709126
mol_0014,COc1ccccc1[N+](=O)[O-],,2.20444645101663,2.106333621502135,-1.9786785729585465,2.2411566924031225,-1.91619311278033,5.449121887608842,-0.38534172358466573,16.6308349303648,10.283980183364916,3.616128183934846,512.9861724510841,14.248558665513928,12.171958466891548,5.171958466891548,8.059236629528225,5.997003459883953,2.497003459883953,1.536902800682925,1.536902800682925,0.9191452764007404,0.9191452764007404,0.4968404378253668,0.4968404378253668,47.567836446320904,10.114318268765572,0.0,0.0,0.0,0.0,0.0,0.0,0.0,4.736862953800049,9.59530989319154,153.042593084,1.7272727272727273,2.4545454545454546,3.090909090909091,0.14285714285714285,-1.58,11,146.081,4735.1509767837215,2.4770158195124625,3.005223044230256,1.4595312570970036,73.39765968707492,10.738172713529856,0.4901359291274981,10.738172713529856,0.3103991523572057,0.8010648148148147,0.3103991523572057,-3.052595427059714,-0.4901359291274981,1.6033999999999997,39.64840000000002,153.13700000000006,0,4,0,0,0,0,1,0,1,0,18,18,0,3,0,4,0,0,1,2,0,0,0,0,0,58,4.736862953800049,0.0,5.749511833283905,0.0,0.0,5.687386274683562,10.114318268765572,0.0,0.0,0.0,12.08483741532659,6.042418707663295,6.042418707663295,21.556573400891796,0.6767259110656132,1,19.255483895809256,5.687386274683562,0.0,0.0,0.0,0.0,7.037952458882589,34.28399309941875,0.0,5.749511833283905,19.454545454545453,4.736862953800049,5.687386274683562,5.749511833283905,0.0,11.96126350770026,0.0,10.114318268765572,9.59530989319154,24.16967483065318,0.0,0.0,0.0,52.370000000000005,54.0248686696901,0.0,9.62599678760393,10.738172713529856,-1.099884259259259,-0.9944444444444442,-3.4921140400604678,0.0,0.0,-3.052595427059714,0,0,0,0,0,0,0,0,0,0,0,0,0,0,0,1,0,0,0,0,0,0,0,0,0,0,0,0,0,0,0,0,0,0,1,0,0,0,0,0,0,1,0,0,0,0,0,0,0,0,0,0,0,0,0,1,0,0,1,1,0,0,0,0,2,0,0,0,0,0,0,0,0,0,0,0,0,0,0,0,0,0,0,0,0,0.4786228959968397
mol_0015,O=[N+]([O-])c1ccc2ccccc2c1,,2.3723681611556082,2.037130582087556,-1.9532972988392747,2.193325363566355,-1.8611300129578052,5.839121892626769,-0.3843172292077099,16.628211280317224,10.113872137123883,3.214439132804024,774.7608752638997,15.350852961085886,13.263710176427685,6.263710176427685,9.196152422706634,6.838755169420089,3.33875516942009,2.2307165828350275,2.2307165828350275,1.419377584710045,1.419377584710045,0.8626396420737699,0.8626396420737699,58.293852491609094,10.114318268765572,0.0,5.386224214464796,0.0,0.0,0.0,0.0,0.0,0.0,9.59530989319154,173.047678464,1.1538461538461537,1.8461538461538463,2.5384615384615383,0.0,-1.8999999999999995,13,166.11499999999998,20582.666166186056,3.1038376141004913,2.8603023152422975,1.3567719743657998,84.60083687490663,10.876805870496348,0.2695657420319785,10.876805870496348,0.2695657420319785,0.35037037037037,0.25830932520473876,-0.9965953325774755,-0.25830932520473876,2.748000000000001,50.602400000000024,173.17100000000005,0,3,0,0,0,0,2,0,2,0,20,21,0,2,0,3,0,0,2,1,0,0,0,0,0,64,0.0,0.0,0.0,0.0,5.687386274683562,0.0,10.114318268765572,0.0,0.0,0.0,24.16967483065318,16.814867136592888,12.08483741532659,14.51862094200921,0.6829164549036741,2,14.51862094200921,16.459834703613154,0.0,0.0,0.0,0.0,0.0,52.411249222408635,0.0,0.0,17.692307692307693,0.0,5.687386274683562,0.0,0.0,4.923311048817671,0.0,10.114318268765572,9.59530989319154,42.29693095364306,0.0,10.772448428929591,0.0,43.14,53.359056909800955,0.0,9.880210537918872,10.113194759385237,-0.9374716553287976,0.0,-4.748323885109598,0.0,0.0,0.0,0,0,0,0,0,0,0,0,0,0,0,0,0,0,0,1,0,0,0,0,0,0,0,0,0,0,0,0,0,0,0,0,0,0,2,0,1,0,0,0,0,0,0,0,0,0,0,0,0,0,0,0,0,0,0,0,0,0,1,1,0,0,0,0,0,0,0,0,0,0,0,0,0,0,0,0,0,0,0,0,0,0,0,0,0,0.49116998683506796
mol_0016,Nc1ccc(N)c([N+](=O)[O-])c1,,2.208906217251207,2.0925625579153753,-1.9609490694139722,2.2229893655600828,-1.961413899844155,5.634385745273906,-0.38340236264240757,16.62840930866994,10.232567632586827,3.821971263170564,506.6895601089832,14.196152422706632,12.1581373674276,5.158137367427599,8.196152422706634,5.82482314691988,2.5359687649200477,1.6779301783349856,1.6779301783349856,0.9429843824600241,0.9429843824600241,0.5123170202763982,0.5123170202763982,40.11272599585824,10.114318268765572,0.0,11.439433951452546,0.0,0.0,0.0,0.0,0.0,0.0,9.759643981823462,153.053826464,1.6363636363636365,2.4545454545454546,3.0,0.0,-1.7800000000000002,11,146.08499999999998,5469.251793913989,2.3679517911089953,2.4517901863265896,1.3728506132569875,72.83118026615024,10.792078609221466,0.3985225938557963,10.792078609221466,0.2936608826797371,0.1828193499622075,0.2936608826797371,-1.0850925925925932,-0.3985225938557963,0.7592000000000001,41.9212,153.14100000000005,4,5,0,0,0,0,1,0,1,0,18,18,0,4,2,5,0,0,1,3,0,0,0,0,0,58,11.439433951452546,5.687386274683562,5.6473683133128025,0.0,5.687386274683562,0.0,10.114318268765572,0.0,0.0,0.0,0.0,12.08483741532659,11.729804982346856,9.035586717328332,0.5277928148305006,1,14.682955030641134,17.062158824050687,0.0,0.0,0.0,0.0,11.439433951452546,28.241574391755456,0.0,0.0,17.636363636363637,11.439433951452546,17.062158824050687,0.0,0.0,4.923311048817671,0.0,10.114318268765572,4.1122756685106605,18.127256122989884,5.6473683133128025,0.0,0.0,95.18,50.18407407407407,0.0,9.706986016628873,10.792078609221466,-3.074620181405895,0.0,-2.608518518518517,0.0,0.0,0.0,0,0,0,2,0,0,0,0,0,0,0,0,0,0,0,1,0,2,0,0,0,0,0,0,0,0,0,0,0,2,0,0,0,0,1,0,0,0,0,0,0,0,0,0,0,0,0,0,0,0,0,0,0,0,0,0,0,0,1,1,0,0,0,0,0,0,0,0,0,0,0,0,0,0,0,0,0,0,0,0,0,0,0,0,0,0.3533702087308726
mol_0017,Nc1cccc([N+](=O)[O-])c1,,2.1311082070874128,2.0155769074157175,-1.9038241703015992,2.1279518237330164,-1.8917460021500785,5.463639647361739,-0.38437721754808357,16.62821394061701,10.276581698493125,3.7260679088713267,463.0673618550157,12.618802153517006,10.710923771927643,4.710923771927642,7.285468820183674,5.206789158169984,2.3123619671700686,1.4543233805850064,1.4543233805850064,0.7811809835850345,0.7811809835850345,0.4155904917925172,0.4155904917925172,40.467758428837975,10.114318268765572,0.0,5.719716975726273,0.0,0.0,0.0,0.0,0.0,0.0,8.306718381337282,138.042927432,1.8,2.6,3.2,0.0,-1.58,10,132.07799999999997,2250.4502666843077,2.229407107173155,2.344994095834573,1.2226169416633605,65.97020580449305,10.560967498110355,0.3985247880942554,10.560967498110355,0.27098245050641295,0.14370370370370367,0.27098245050641295,-1.032592592592593,-0.3985247880942554,1.177,37.50880000000001,138.12600000000003,2,4,0,0,0,0,1,0,1,0,16,16,0,3,1,4,0,0,1,2,0,0,0,0,0,52,5.719716975726273,0.0,2.8236841566564013,0.0,5.687386274683562,0.0,10.114318268765572,0.0,0.0,0.0,6.042418707663295,6.042418707663295,17.77222369001015,10.406345273498552,0.5227946503532683,1,13.230029430154952,11.374772549367124,0.0,0.0,0.0,0.0,5.719716975726273,34.28399309941875,0.0,0.0,17.2,5.719716975726273,11.374772549367124,0.0,0.0,4.923311048817671,0.0,10.114318268765572,5.483034224680881,24.16967483065318,2.8236841566564013,0.0,0.0,69.16,42.93621315192744,0.0,9.528374905517762,10.560967498110355,-1.8027777777777771,0.0,-3.222777777777777,0.0,0.0,0.0,0,0,0,1,0,0,0,0,0,0,0,0,0,0,0,1,0,1,0,0,0,0,0,0,0,0,0,0,0,1,0,0,0,0,1,0,0,0,0,0,0,0,0,0,0,0,0,0,0,0,0,0,0,0,0,0,0,0,1,1,0,0,0,0,0,0,0,0,0,0,0,0,0,0,0,0,0,0,0,0,0,0,0,0,0,0.35954360900709126
mol_0018,Cc1cccc([N+](=O)[O-])c1,,2.1129569318075276,2.010799431510105,-1.90114498594242,2.1064978326070762,-1.8629088130432707,5.326957895956287,-0.38446713053134607,16.6282069409816,10.209143586012939,3.8110111207462896,496.22118143203755,13.54145188432738,11.763710176427683,4.763710176427684,7.586110083065902,5.838755169420089,2.3387551694200894,1.4807165828350277,1.4807165828350277,0.794377584710045,0.794377584710045,0.42513964207376986,0.42513964207376986,47.19571576314709,10.114318268765572,0.0,0.0,0.0,0.0,0.0,0.0,0.0,0.0,9.59530989319154,137.047678464,1.8,2.6,3.2,0.14285714285714285,-1.38,10,130.082,2860.9436856673924,2.0514226647277454,2.4731969036707446,1.3128403334329586,68.28411445756807,10.6226171579743,0.26918728708782313,10.6226171579743,0.26918728708782313,0.8420370370370371,0.25830949470105513,-2.9003703703703696,-0.25830949470105513,1.90322,37.83340000000001,137.13800000000006,0,3,0,0,0,0,1,0,1,0,17,17,0,2,0,3,0,0,1,1,0,0,0,0,0,52,0.0,0.0,0.0,0.0,5.687386274683562,0.0,10.114318268765572,0.0,0.0,0.0,12.08483741532659,12.415343608992675,16.197113083837248,10.406345273498552,0.5073572182524648,1,14.51862094200921,5.687386274683562,0.0,0.0,0.0,6.851892117295679,0.0,39.847444591115746,0.0,0.0,20.6,0.0,5.687386274683562,0.0,0.0,4.923311048817671,0.0,16.966210386061253,15.158761384888534,24.16967483065318,0.0,0.0,0.0,43.14,50.54129346182918,0.0,9.536691232048373,10.6226171579743,-1.928402777777777,0.0,-3.6218287037037022,0.0,-2.9003703703703696,0.0,0,0,0,0,0,0,0,0,0,0,0,0,0,0,0,1,0,0,0,0,0,0,0,0,0,0,0,0,0,0,0,0,0,0,1,0,0,0,0,0,0,0,0,0,0,0,0,0,0,0,0,0,0,0,0,0,0,0,1,1,0,0,0,0,0,0,0,0,0,0,0,0,0,0,0,0,0,0,0,0,0,0,0,0,0,0.4379118656914492
mol_0019,O=[N+]([O-])c1ccc(/C=C/c2ccc([N+](=O)[O-])cc2S(=O)(=O)O)c(S(=O)(=O)O)c1,,2.811824930875439,2.20701084618471,-2.048586652147073,2.267157512734563,-2.030222145024092,7.857712773589782,-0.3847508322011641,32.24121758942187,10.113070430786737,3.3240405944819074,1539.3770534417833,29.65181786940711,22.793406676566274,14.426399838421727,17.293540509691447,11.152255210231772,9.152255210231768,4.527929746597781,7.160922908453234,2.707441387267986,4.319813822963781,1.6181142400927564,2.7655875508581818,110.73417403755002,37.06423050618902,0.0,0.0,0.0,0.0,0.0,0.0,0.0,9.11006133991374,13.828467763827028,429.9776865200001,0.8571428571428571,1.2142857142857142,1.5,0.0,-3.2,28,420.29200000000014,53204929.56828543,10.96073156268531,7.432352941176472,4.74233294235045,171.31504750518337,12.33508668940487,0.2948705117758002,12.33508668940487,0.2948705117758002,1.432905126142999,0.28177204866768,-5.5524357142293175,-0.28177204866768,2.1668000000000003,94.75000000000003,430.37199999999996,2,12,0,0,0,0,2,0,2,0,38,39,0,10,2,14,0,0,2,8,0,0,0,0,0,148,0.0,9.79096695103555,0.0,2.8623993144652684,31.611026267434234,0.0,29.338697877444886,0.0,16.835593968657875,0.0,12.104143492071133,23.21174039872058,24.16967483065318,20.8126905469971,2.909429480977498,2,46.75834585556874,43.715169759505365,2.8623993144652684,0.0,0.0,9.79096695103555,0.0,67.6100517669049,0.0,0.0,17.857142857142858,0.0,11.374772549367124,0.0,0.0,35.792277406206956,20.236253718067108,20.228636537531145,22.09297143275575,46.04547919701532,0.0,14.9665428065364,0.0,195.01999999999995,133.28738670817455,0.0,16.19223713779027,22.554834731556067,-6.154096864334958,0.0,-12.60882361806063,0.0,0.0,-11.104871428458633,0,0,0,0,0,0,0,0,0,0,0,0,0,0,0,2,0,0,0,0,0,0,0,0,0,0,0,0,0,0,0,0,0,0,2,0,0,0,0,0,0,0,0,0,0,0,0,0,0,0,0,0,0,0,0,0,0,0,2,2,0,0,0,0,0,0,0,0,0,0,0,0,0,0,0,0,0,0,0,0,0,0,0,0,0,0.296411612971691
mol_0020,Nc1ccc(O)c([N+](=O)[O-])c1,,2.214052007889905,2.1117939771138516,-1.9504217935033072,2.2624648619520005,-1.9056071884591754,5.548708350587262,-0.38537821936992755,16.629385172922127,10.249311151969701,3.756776726002362,479.55392491669255,13.325908934703554,11.119172062391506,5.119172062391505,7.82347362264446,5.319161593865779,2.516486112402,1.6584475258169382,1.6584475258169382,0.9288866026597642,0.9288866026597642,0.5038893277254967,0.5038893277254967,40.174851554458584,10.114318268765572,0.0,5.719716975726273,0.0,0.0,0.0,0.0,0.0,5.1088081911072125,8.367159482399696,154.037842052,1.9090909090909092,2.727272727272727,3.272727272727273,0.0,-1.7800000000000002,11,148.07699999999997,3910.015845933572,2.6893371506127384,2.4517901863265896,1.3728506132569875,70.85110981481627,10.67652305366591,0.5020908661799127,10.67652305366591,0.3122479296387536,0.16326152683295536,0.3122479296387536,-1.058842592592593,-0.5020908661799127,0.8825999999999998,39.17360000000001,154.12500000000003,3,5,0,0,0,0,1,0,1,0,17,17,0,4,2,5,0,0,1,3,0,0,0,0,0,58,10.828525166833487,0.0,8.573195989940306,0.0,1.4311996572326342,5.687386274683562,10.114318268765572,0.0,0.0,0.0,0.0,12.08483741532659,11.729804982346856,9.035586717328332,0.599426403054166,1,16.968079065091946,11.374772549367124,1.4311996572326342,0.0,0.0,0.0,5.719716975726273,28.241574391755456,0.0,5.749511833283905,16.363636363636363,5.719716975726273,11.374772549367124,5.749511833283905,0.0,11.463318897157517,0.0,10.114318268765572,4.1122756685106605,18.127256122989884,2.8236841566564013,0.0,0.0,89.39,42.567689909297044,0.0,9.617680461073316,14.5502059712774,-1.8965948601662883,-0.8512962962962958,-2.4876851851851836,0.0,0.0,0.0,0,0,0,1,0,0,0,1,0,0,0,0,0,0,0,1,0,1,0,0,0,0,0,0,0,0,0,0,0,1,0,0,0,0,1,0,0,0,0,0,0,0,0,0,0,0,0,0,0,0,0,0,0,0,0,0,0,0,1,1,0,0,0,0,0,1,1,0,0,0,0,0,0,0,0,0,0,0,0,0,0,0,0,0,0,0.2717247324132533
mol_0021,Cc1ccc(N)cc1[N+](=O)[O-],,2.196911456325328,2.0822150128624686,-1.9611851457263234,2.19212528084141,-1.929863494524308,5.512833349395361,-0.384941430555546,16.6283203930773,10.168327425314558,3.9145103276485087,541.1245907282104,15.118802153517006,13.210923771927643,5.210923771927642,8.49679368558886,6.456789158169986,2.562361967170069,1.7043233805850067,1.7043233805850067,0.9620826830225293,0.9620826830225293,0.5237340382512812,0.5237340382512812,46.84068333016736,10.114318268765572,0.0,5.719716975726273,0.0,0.0,0.0,0.0,0.0,0.0,11.048235493677723,152.058577496,1.9090909090909092,2.727272727272727,3.272727272727273,0.14285714285714285,-1.5799999999999998,11,144.089,6999.359899852494,2.2007909142796125,2.5740375043587767,1.4595312570970036,75.14508891922526,10.877634164777021,0.3985245035517479,10.877634164777021,0.2738520244335995,0.22321050642479223,0.2738520244335995,-3.0431538170823895,-0.3985245035517479,1.48542,42.24580000000001,152.15300000000008,2,4,0,0,0,0,1,0,1,0,19,19,0,3,1,4,0,0,1,2,0,0,0,0,0,58,5.719716975726273,0.0,2.8236841566564013,0.0,5.687386274683562,0.0,10.114318268765572,0.0,0.0,0.0,6.042418707663295,12.894310824958975,21.40553214255451,9.035586717328332,0.5149925775097968,1,15.971546542495393,11.374772549367124,0.0,0.0,0.0,6.851892117295679,5.719716975726273,33.80502588345245,0.0,0.0,20.727272727272727,5.719716975726273,11.374772549367124,0.0,0.0,4.923311048817671,0.0,16.966210386061253,13.788002828718314,18.127256122989884,2.8236841566564013,0.0,0.0,69.16,57.85047099395314,0.0,9.719416572184427,10.877634164777021,-3.2479327286470125,0.0,-2.9064351851851837,0.0,-3.0431538170823895,0.0,0,0,0,1,0,0,0,0,0,0,0,0,0,0,0,1,0,1,0,0,0,0,0,0,0,0,0,0,0,1,0,0,0,0,1,0,0,0,0,0,0,0,0,0,0,0,0,0,0,0,0,0,0,0,0,0,0,0,1,1,0,0,0,0,0,0,0,0,0,0,0,0,0,0,0,0,0,0,0,0,0,0,0,0,0,0.37618304623671805
mol_0022,Nc1ccc(Cl)cc1[N+](=O)[O-],,2.1837138195732844,2.096442297462495,-1.9492445316113158,2.2385013405527134,-1.9393674711314643,6.304524348184567,-0.383452158494707,35.49569089591542,10.263509162481357,3.759453089093533,466.9674963849059,12.618802153517006,10.08888824493687,5.844817190955324,7.285468820183674,4.895771394674599,2.87930867668391,1.64330561708962,2.0212700900988474,0.9256721018373413,1.114654338341955,0.49978973633326995,0.6365385673220025,39.44797303491601,10.114318268765572,0.0,5.719716975726273,0.0,0.0,0.0,0.0,0.0,0.0,18.536899715399578,172.00395508,1.8181818181818181,2.5454545454545454,3.090909090909091,0.0,-1.29,11,167.53099999999998,2349.676069860854,3.404318575163333,2.7545585087790707,1.588952172998747,74.8685015312069,10.6518039808516,0.393166178839665,10.6518039808516,0.29309274264579926,0.17373456790123498,0.29309274264579926,-1.002870370370371,-0.393166178839665,1.8304,42.518800000000006,172.57100000000003,2,4,0,0,0,0,1,0,1,0,16,16,0,3,1,5,0,0,1,2,0,0,0,0,0,58,5.719716975726273,5.687386274683562,2.8236841566564013,0.0,5.687386274683562,0.0,10.114318268765572,0.0,0.0,0.0,11.600939890232516,12.08483741532659,11.065052021404622,9.035586717328332,0.8524904270737093,1,11.859270873984732,22.97571243959964,0.0,0.0,0.0,0.0,5.719716975726273,33.26420770549678,0.0,0.0,15.545454545454545,5.719716975726273,11.374772549367124,0.0,11.600939890232516,4.923311048817671,0.0,10.114318268765572,4.1122756685106605,18.127256122989884,7.846317470397728,0.0,0.0,69.16,35.83113000755858,5.468410178886368,9.64893361048123,10.112266943814564,-1.8400308641975305,0.0,-2.1095987654320973,0.0,0.0,0.0,0,0,0,1,0,0,0,0,0,0,0,0,0,0,0,1,0,1,0,0,0,0,0,0,0,0,0,0,0,1,0,0,0,0,1,0,0,0,0,0,0,0,0,0,1,0,0,0,0,0,0,0,0,0,0,0,0,0,1,1,0,0,0,0,0,0,0,0,0,0,0,0,0,0,0,0,0,0,0,0,0,0,0,0,0,0.39921483447818135
mol_0023,O=C(O)c1ccc(Cl)c([N+](=O)[O-])c1,,2.2522748205100616,2.1459887096986905,-1.9588819381371934,2.242820150319016,-1.9766985790932154,6.323028904538836,-0.38432004936731684,35.49569127295608,10.181269669524625,3.7371861301641567,521.330537687272,13.325908934703556,9.958171230364638,6.714100176383092,7.823473622644459,4.84423398685243,3.313950169397794,1.9571562979049062,2.3351207709141337,1.1352505609307093,1.4087482229081747,0.6089505517830068,0.7724482259695491,45.29334353988129,14.908855452837393,0.0,0.0,0.0,0.0,0.0,0.0,0.0,5.1088081911072125,17.14441521597581,200.982885288,1.7692307692307692,2.4615384615384617,3.0,0.0,-1.62,13,197.533,4085.6265244052515,5.183514266243462,3.4038877931185616,1.9407868697421933,83.41489529431331,11.094697656840514,0.47763619298127924,11.094697656840514,0.3354391282734717,0.7022864701436127,0.3354391282734717,-1.4229012345679013,-0.47763619298127924,1.9464000000000001,45.06570000000001,201.56500000000003,1,5,0,0,0,0,1,0,1,0,17,17,0,4,1,6,0,0,1,2,0,0,0,0,0,68,5.1088081911072125,5.022633313741326,0.0,0.0,7.118585931916196,5.969305287951849,10.114318268765572,4.794537184071822,0.0,0.0,11.600939890232516,12.08483741532659,6.042418707663295,14.599038209025325,1.3572385335632335,1,18.938932092507365,23.257631452867926,1.4311996572326342,0.0,0.0,0.0,0.0,38.827659197193775,0.0,0.0,13.615384615384615,0.0,5.687386274683562,0.0,11.600939890232516,16.001424527876733,0.0,10.114318268765572,14.470264344279476,18.127256122989884,5.022633313741326,1.4311996572326342,0.0,80.44,28.394285714285715,5.450459183673468,20.68270880574452,13.474120370370372,-1.7970679012345676,-1.4229012345679013,-2.5038271604938265,0.0,0.0,0.0,0,0,0,0,1,0,0,0,1,1,1,0,0,0,0,1,0,0,0,0,0,0,0,0,0,0,0,0,0,0,0,0,0,0,1,0,0,0,0,0,0,0,0,0,1,0,0,0,0,0,0,0,0,0,0,0,0,0,1,1,0,0,0,0,0,0,0,0,0,0,0,0,0,0,0,0,0,0,0,0,0,0,0,0,0,0.585764651799086
mol_0024,O=[N+]([O-])c1cc(C(F)(F)F)ccc1Cl,,2.1129569318075276,2.321812925566694,-2.053617579250395,2.339177947055624,-2.0494897634998126,6.321691253878315,-0.3845057395371252,35.49569137034073,10.171756333169705,3.8110111207462904,506.3628908821139,13.541451884327381,9.275568068464592,7.031497014483047,7.5861100830659005,4.594684115438544,3.4726485884477714,2.1674578883822755,2.545422361391503,1.2145997704556977,1.488097432433163,0.6486251565455009,0.8121228307320433,45.500336769372915,23.28556341179003,0.0,0.0,0.0,0.0,0.0,0.0,0.0,0.0,15.713215558743174,224.980440676,1.5,2.0714285714285716,2.5,0.14285714285714285,-1.2999999999999998,14,222.52899999999997,2860.9436856673924,7.0530366343462205,3.4516040093792673,2.1380003822548788,85.46410489255717,12.475644368858653,0.4161621684308654,12.475644368858653,0.4161621684308654,0.946296296296296,0.25826307430380524,-5.12567901234568,-0.25826307430380524,3.2670000000000003,43.10840000000001,225.553,0,3,0,0,0,0,1,0,1,0,17,17,0,2,0,7,0,0,1,1,0,0,0,0,0,76,0.0,5.022633313741326,0.0,0.0,5.687386274683562,6.176298517443475,10.114318268765572,0.0,13.171245143024459,0.0,11.600939890232516,12.08483741532659,6.042418707663295,14.599038209025325,1.7388778232434476,1,22.20683186035279,17.28832616491608,0.0,0.0,0.0,6.176298517443475,0.0,38.827659197193775,0.0,0.0,14.428571428571429,0.0,18.858631417708022,0.0,11.600939890232516,4.923311048817671,6.176298517443475,10.114318268765572,9.675727160207655,18.127256122989884,5.022633313741326,0.0,0.0,43.14,58.612661564625846,5.284312169312169,9.194128873771731,9.528202947845806,-3.1540817901234566,0.0,-3.9784336419753075,-5.12567901234568,0.0,0.0,0,0,0,0,0,0,0,0,0,0,0,0,0,0,0,1,0,0,0,0,0,0,0,0,0,3,0,0,0,0,0,0,0,0,1,0,0,0,0,0,0,0,0,0,4,0,0,0,0,0,0,0,0,0,0,0,0,0,1,1,0,0,0,0,0,0,0,0,0,0,0,0,0,0,0,0,0,0,0,0,0,0,0,0,0,0.5437747881122968
mol_0025,Nc1ccc([N+](=O)[O-])cc1,,2.140020892483553,2.004101529990599,-1.8983342370548426,2.114665256275505,-1.8802511178881571,5.438024287474804,-0.3844283194796115,16.628204386554128,10.279066550352804,3.6978735709757973,433.8173618550157,12.618802153517006,10.710923771927643,4.710923771927642,7.2854688201836755,5.206789158169984,2.3123619671700686,1.4543233805850064,1.4543233805850064,0.7811809835850345,0.7811809835850345,0.39059049179251726,0.39059049179251726,40.467758428837975,10.114318268765572,0.0,5.719716975726273,0.0,0.0,0.0,0.0,0.0,0.0,8.306718381337282,138.042927432,1.6,2.2,2.6,0.0,-1.58,10,132.07799999999997,2268.422146032566,2.229407107173155,2.344994095834573,1.2226169416633605,65.97020580449303,10.519726001511716,0.3987220829005813,10.519726001511716,0.26907480043028903,0.10667422524565406,0.26907480043028903,-1.025041572184429,-0.3987220829005813,1.177,37.508800000000015,138.12600000000003,2,4,0,0,0,0,1,0,1,0,16,16,0,3,1,4,0,0,1,2,0,0,0,0,0,52,5.719716975726273,0.0,2.8236841566564013,0.0,5.687386274683562,0.0,10.114318268765572,0.0,0.0,0.0,0.0,12.08483741532659,17.77222369001015,10.406345273498552,0.5227946503532683,1,13.230029430154952,11.374772549367124,0.0,0.0,0.0,0.0,5.719716975726273,34.28399309941875,0.0,0.0,17.2,5.719716975726273,11.374772549367124,0.0,0.0,4.923311048817671,0.0,10.114318268765572,5.483034224680881,24.16967483065318,2.8236841566564013,0.0,0.0,69.16,42.974115646258504,0.0,9.494684429327286,10.519726001511716,-1.6888964474678758,0.0,-3.299629629629629,0.0,0.0,0.0,0,0,0,1,0,0,0,0,0,0,0,0,0,0,0,1,0,1,0,0,0,0,0,0,0,0,0,0,0,1,0,0,0,0,1,0,0,0,0,0,0,0,0,0,0,0,0,0,0,0,0,0,0,0,0,0,0,0,1,1,0,0,0,0,0,0,0,0,0,0,0,0,0,0,0,0,0,0,0,0,0,0,0,0,0,0.35954360900709126
mol_0026,O=C(Cl)c1ccc([N+](=O)[O-])cc1,,2.140020892483553,2.0577406187694076,-1.9160016644387632,2.123312941250759,-1.9045142123527072,6.672915221893152,-0.3844398844454559,35.49571269303913,10.2029287369414,3.7667964233064803,430.8906850873485,12.618802153517008,9.549922939900775,6.305851885919229,7.285468820183674,4.731861551156634,3.109826024165862,1.7544214486843461,2.097707035151052,0.9909307755783178,1.1799130120829313,0.49546538778915883,0.5899565060414657,45.586250414260675,14.908855452837393,0.0,0.0,0.0,0.0,0.0,0.0,0.0,0.0,17.083974114913396,184.987970668,1.5,2.0,2.3333333333333335,0.0,-1.42,12,181.534,2268.422146032566,4.567742759779543,3.317607749496181,1.793315270771098,78.53399128399003,10.861546989166037,0.27561494881461357,10.861546989166037,0.2689706267106596,0.6645679012345675,0.2689706267106596,-1.1880574452003023,-0.27561494881461357,1.9738000000000002,43.27990000000001,185.56600000000003,0,4,0,0,0,0,1,0,1,0,16,16,0,3,0,5,0,0,1,2,0,0,0,0,0,62,0.0,0.0,0.0,0.0,10.929813043092832,0.0,14.908855452837393,0.0,0.0,0.0,0.0,23.685777305559107,17.648288907023584,10.406345273498552,1.262831564795807,1,15.200882457570371,22.530752933325346,0.0,0.0,0.0,0.0,0.0,39.847444591115746,0.0,0.0,14.083333333333334,0.0,5.687386274683562,0.0,11.600939890232516,10.16573781722694,0.0,10.114318268765572,15.841022900449696,24.16967483065318,0.0,0.0,0.0,60.209999999999994,29.101790123456787,5.074164147140337,20.332256550768456,9.321110166288738,-1.6398765432098759,0.0,-3.4116666666666653,0.0,0.0,0.0,0,0,0,0,0,0,0,0,0,0,1,1,0,0,0,1,0,0,0,0,0,0,0,0,0,0,0,0,0,0,0,0,0,0,1,0,0,0,0,0,0,0,0,0,1,0,0,0,0,0,0,0,0,0,0,0,0,0,1,1,0,0,0,0,0,0,0,0,0,0,0,0,0,0,0,0,0,0,0,0,0,0,0,0,0,0.40212650624829405
mol_0027,COc1ccc([N+](=O)[O-])cc1N,,2.222235065298829,2.0730018916284534,-2.01500108964033,2.248159759825017,-1.9412435856817014,5.575717509884282,-0.3843880822730152,16.62831464952132,10.246572800334844,3.7153751623079057,558.227086521872,15.825908934703554,13.619172062391506,5.619172062391505,8.969920232051185,6.615037448633848,2.7206102576339317,1.760509598432904,1.760509598432904,1.03094867527573,1.03094867527573,0.540474337637865,0.540474337637865,47.21280401334117,10.114318268765572,0.0,5.719716975726273,0.0,0.0,0.0,0.0,0.0,4.736862953800049,11.048235493677723,168.053492116,1.9166666666666667,2.75,3.3333333333333335,0.14285714285714285,-1.78,12,160.088,10964.507812184422,2.6170739383628083,3.080884117573751,1.4450401647869147,80.25863414873214,10.755497567082388,0.49459248221565555,10.755497567082388,0.2712622110609422,0.26995370370370386,0.2712622110609422,-3.0599473261526837,-0.49459248221565555,1.1855999999999998,44.060800000000015,168.15200000000007,2,5,0,0,0,0,1,0,1,0,20,20,0,4,1,5,0,0,1,3,0,0,0,0,0,64,10.456579929526322,5.749511833283905,2.8236841566564013,0.0,5.687386274683562,0.0,10.114318268765572,0.0,0.0,0.0,0.0,6.042418707663295,12.08483741532659,25.873201119405138,0.6719084609348468,1,20.708409496295435,11.374772549367124,0.0,0.0,0.0,0.0,12.75766943460886,28.241574391755456,0.0,5.749511833283905,19.666666666666668,10.456579929526322,11.374772549367124,5.749511833283905,0.0,11.96126350770026,0.0,10.114318268765572,8.224551337021321,18.127256122989884,2.8236841566564013,0.0,0.0,78.39,61.65251936885866,0.0,9.639252763605441,10.755497567082388,-2.2688270030234308,-0.9207407407407404,-3.0477546296296296,0.0,0.0,-3.0599473261526837,0,0,0,1,0,0,0,0,0,0,0,0,0,0,0,1,0,1,0,0,0,0,0,0,0,0,0,0,0,1,0,0,0,0,1,0,0,0,0,0,0,1,0,0,0,0,0,0,0,0,0,0,0,0,0,1,0,0,1,1,0,0,0,0,0,0,0,0,0,0,0,0,0,0,0,0,0,0,0,0,0,0,0,0,0,0.4083069985344587
mol_0028,CC(=O)CC(c1ccc([N+](=O)[O-])cc1)c1c(O)c2ccccc2oc1=O,,2.8689903836606994,2.2593603561412605,-2.1697310740817137,2.3608071765819703,-2.1622302411963155,5.848033017704791,-0.3844481332663232,16.628298341508927,9.867080661455764,2.78839708256275,1687.6359665248458,31.72916813859674,27.39670333828314,12.396703338283137,18.598088754566234,14.017624186043612,6.609375895579748,4.6076085697120535,4.6076085697120535,3.039009795996455,3.039009795996455,2.0001968584095007,2.0001968584095007,117.32331212702358,19.703392636909214,0.0,0.0,0.0,0.0,0.0,0.0,0.0,5.1088081911072125,25.03897038066906,353.08993720000035,1.4230769230769231,2.1538461538461537,2.8076923076923075,0.15789473684210525,-3.4799999999999995,26,338.2100000000001,245305907.6587566,6.677579209624809,6.794154869003045,3.1884213685630836,168.36622857431942,13.33352402998236,0.5065917727989816,13.33352402998236,0.3433659364466966,0.9358049668763775,0.3433659364466966,-4.250353954081636,-0.5065917727989816,3.517800000000003,94.38620000000004,353.3299999999998,1,7,0,0,0,0,2,1,3,1,41,43,0,6,1,7,1,0,3,6,0,0,0,0,1,132,9.52595912816056,17.115776921291086,0.0,0.0,7.118585931916196,5.625586319077987,14.908855452837393,4.794537184071822,0.0,0.0,24.16967483065318,24.500181024319264,32.57627133904037,26.839055204341218,1.744942588470227,3,38.43442714743314,22.43987557715554,1.4311996572326342,0.0,0.0,19.118774703988137,0.0,80.00069441661573,0.0,5.749511833283905,22.384615384615383,5.625586319077987,5.687386274683562,5.749511833283905,0.0,17.24656384352246,4.794537184071822,10.114318268765572,49.436297473765244,57.55103778243153,0.0,10.969244356107037,0.0,110.65,124.96428746167781,0.0,36.32753936762006,14.825801504749311,-7.628027316949123,-7.8556285824515,-10.088947003069231,-4.250353954081636,-3.8780048108290366,0.0,0,0,0,0,0,0,0,1,0,0,1,1,0,0,0,1,0,0,0,0,0,0,0,0,0,0,0,0,0,0,0,0,0,0,2,0,1,0,0,0,0,0,0,0,0,0,0,0,0,0,0,1,1,0,0,0,0,0,1,1,0,0,0,0,1,0,0,0,0,0,0,0,0,0,0,0,0,0,0,0,0,0,0,0,0,0.4267175419766887
mol_0029,O=C(O)c1cc(Oc2ccc(C(F)(F)F)cc2Cl)ccc1[N+](=O)[O-],,2.6619453980249945,2.3079311533272526,-2.11144047366547,2.366507492554258,-2.0459998835247792,6.316869376276401,-0.3847424889763308,35.49569193565668,10.143914290553477,2.8625793861704176,1100.1843175303648,23.99711733102786,18.00031293985618,11.756241885874637,14.160696145735876,9.069428986830133,6.039145169375498,3.9652257300273703,4.343190203036596,2.3791920303430847,2.6453259418287445,1.404132628703357,1.5844451435723401,86.65937333857946,28.080100595861854,0.0,0.0,0.0,0.0,0.0,0.0,0.0,5.1088081911072125,25.99355383828652,360.9964846640002,1.3333333333333333,2.0416666666666665,2.625,0.07142857142857142,-2.81,24,354.60300000000007,2544660.083788013,10.13760591468097,6.36045327878438,3.7424567402136537,146.66199455356292,13.069584817120962,0.4774531248762194,13.069584817120962,0.4159664528857091,1.0924902368354747,0.4159664528857091,-5.222158757531685,-0.4774531248762194,4.757500000000002,76.58370000000002,361.65899999999993,1,6,0,0,0,0,2,0,2,0,31,32,0,5,1,10,0,0,2,4,0,0,0,0,0,126,9.84567114490726,17.062475158264807,0.0,0.0,7.118585931916196,12.145603805395325,10.114318268765572,4.794537184071822,13.171245143024459,0.0,11.600939890232516,24.16967483065318,12.08483741532659,23.73394719127731,2.6866570324606873,2,40.959315857842554,23.257631452867926,1.4311996572326342,0.0,0.0,6.176298517443475,0.0,62.518366811880654,0.0,11.49902366656781,15.083333333333334,4.736862953800049,18.858631417708022,11.49902366656781,11.600939890232516,16.001424527876733,6.176298517443475,10.114318268765572,24.14599150448713,36.25451224597977,5.022633313741326,1.4311996572326342,0.0,89.67,96.85084070438117,5.672375808348029,21.61796311890692,13.615766360399586,-4.495620528795132,-4.0026911556123315,-8.008697772318802,-5.222158757531685,0.0,0.0,0,0,0,0,1,0,0,0,1,1,1,0,0,0,0,1,0,0,0,0,0,0,0,0,0,3,0,0,0,0,0,0,0,0,2,0,0,0,0,0,0,1,0,0,4,0,0,0,0,0,0,0,0,0,0,0,0,0,1,1,0,0,0,0,0,0,0,0,0,0,0,0,0,0,0,0,0,0,0,0,0,0,0,0,0,0.6261588444326643
mol_0030,CCP(=S)(Oc1ccc([N+](=O)[O-])cc1Cl)OC(C)C,,2.60143443094237,2.2173279021669554,-2.2376838427617867,2.5053714492116157,-2.064571398227016,8.096194637061316,-0.38443792882867,35.49569233483416,10.289105811451398,4.015021322008251,996.1373326602545,27.45566544670048,23.81363311632846,11.280485834274556,14.766343410714775,11.707315051643711,7.223383350173562,2.7447927710161113,6.148598314955633,1.4643697296977012,3.571304748693622,0.8216251672884703,2.2441592739407104,78.75147871424355,10.114318268765572,0.0,0.0,0.0,0.0,0.0,0.0,0.0,0.0,53.016668644848146,323.01479327000044,1.7894736842105263,2.526315789473684,3.1052631578947367,0.45454545454545453,-0.6800000000000002,19,308.61800000000005,3200804.923831492,4.950069074448507,6.659113644552434,4.7286534434913055,142.8072614474781,11.1029334614483,0.44181442908481894,11.1029334614483,0.27069308767699934,1.1201714852607714,0.27069308767699934,-5.5568571271101,-0.44181442908481894,4.381400000000003,79.78140000000003,323.7379999999998,0,5,0,0,0,0,1,0,1,1,34,34,0,5,0,8,0,0,1,6,0,0,0,0,1,106,9.047494323423635,5.749511833283905,0.0,6.491672436018894,5.687386274683562,0.0,10.114318268765572,0.0,0.0,0.0,18.452832007528194,31.5530590308933,33.2771948390703,21.50899661418986,1.734898553428268,1,34.532183714794606,35.58685468957362,0.0,0.0,0.0,26.635694378837027,6.114013305871291,33.26420770549678,0.0,5.749511833283905,29.0,4.5237471617118175,5.687386274683562,5.749511833283905,18.09261232625141,17.11734238163895,16.330603250350464,10.114318268765572,41.117054694440355,18.127256122989884,5.022633313741326,0.0,0.0,61.60000000000001,123.66218646950156,10.662190491937515,9.871529872177423,9.982761976187529,-1.2683119960947329,-1.2665197467876042,-3.7899719702695895,-7.933314594356265,-17.087217168962525,0.0,0,0,0,0,0,0,0,0,0,0,0,0,0,0,0,1,0,0,0,0,0,0,0,0,0,0,0,0,0,0,0,0,0,0,1,0,0,0,0,0,0,0,0,0,1,0,0,0,0,0,0,0,0,0,0,0,0,0,1,1,0,0,0,0,0,0,0,0,0,0,0,0,0,0,0,0,0,0,0,0,0,0,0,0,0,0.4413949103328502
mol_0031,COc1cccc2c1cc([N+](=O)[O-])c1c(C(=O)O)cc3c(c12)OCO3,,3.086271951211279,2.2966951625337626,-2.1222281710697306,2.4827994760777075,-2.016344074356958,6.2142898357349186,-0.38250363868269005,16.697320193644405,9.946215233017051,2.457828448166499,1520.0719935046081,27.066031431780207,22.804951628747,11.804951628747,16.51956226833883,11.879996621739405,6.471748331275543,4.770066048277318,4.770066048277318,3.5188379376912304,3.5188379376912304,2.576888061179876,2.576888061179876,104.93197804256323,14.908855452837393,0.0,0.0,0.0,0.0,0.0,0.0,0.0,5.1088081911072125,29.34937408033498,341.05355169200027,1.44,2.32,3.08,0.11764705882352941,-3.5500000000000003,25,330.18700000000007,44005587.012442365,7.138080512293084,5.232868670744265,2.0375910405755757,155.37444039586134,12.475564248094912,0.4961092502512821,12.475564248094912,0.3362242469375884,0.6551568405139829,0.3362242469375884,-3.2647008850920747,-0.4961092502512821,3.336700000000002,87.74270000000003,341.27499999999986,1,8,0,1,1,0,3,0,3,0,36,39,0,7,1,8,1,0,4,3,0,0,0,0,0,126,19.31939705250736,8.491028945624345,11.49902366656781,6.745045584503197,7.118585931916196,5.969305287951849,10.114318268765572,4.794537184071822,0.0,0.0,12.08483741532659,17.471061629791386,16.814867136592888,33.877007663223814,1.494105515281146,4,42.744830847099074,33.201588420494595,1.4311996572326342,0.0,0.0,0.0,13.782998043385785,45.88986329877904,0.0,17.248535499851716,21.2,14.210588861400147,5.687386274683562,17.248535499851716,0.0,29.784422571262517,0.0,10.114318268765572,24.065574237471015,30.212093538316473,0.0,22.976096515091818,0.0,108.13000000000001,100.71481545001048,0.0,23.40831226396793,12.982764382165989,-2.2652740378558827,-4.142451066074579,-4.955949927038716,0.0,-2.9775161800831444,-3.2647008850920747,0,0,0,0,1,0,0,0,1,1,1,0,0,0,0,1,0,0,0,0,0,0,0,0,0,0,0,0,0,0,0,0,0,0,3,0,5,0,0,0,0,3,0,0,0,0,0,0,0,0,0,0,0,0,0,1,0,0,1,1,0,0,0,0,0,0,0,0,0,0,0,0,0,0,0,0,0,0,0,0,0,0,0,0,0,0.4419555038718953
mol_0032,Cn1c([N+](=O)[O-])cnc1/C=C/c1ccnc(N)n1,,2.929927115229459,2.1329253358297895,-1.9473107051715264,2.1322816324808382,-1.9831161491762317,5.651164896262192,-0.39135680685737295,16.630202108822225,10.331079786549992,2.8224064626687735,984.0511365512292,21.549523573835156,18.499778153927473,8.499778153927474,12.767650633417958,9.219250337919796,4.32482314691988,2.822357369334902,2.822357369334902,1.6930605431352275,1.6930605431352275,0.9677453635391257,0.9677453635391257,65.67602512213377,10.114318268765572,0.0,10.286816623517627,0.0,0.0,0.0,0.0,0.0,14.951935562841626,13.789752606018162,246.08652356,1.7222222222222223,2.611111111111111,3.3333333333333335,0.1,-2.77,18,236.14999999999998,776594.7614542595,4.482425935618358,4.615578788839597,2.316088379245661,116.130481172683,11.111397144155081,0.36777524021234753,11.111397144155081,0.34240729781662377,0.0285846560846561,0.34240729781662377,-3.2113260975686577,-0.36777524021234753,0.8708999999999998,65.23480000000002,246.23000000000008,2,8,0,0,0,0,0,2,2,0,28,29,0,6,1,8,2,0,2,4,0,0,0,0,0,92,15.834035244491846,6.172895210814761,2.8236841566564013,11.77274377898642,0.0,5.817862777835028,0.0,19.51903521063298,0.0,0.0,0.0,17.017801502516534,12.224966956850327,23.635823344492465,1.1493883372769211,2,18.71306365483583,23.870345550892655,0.0,19.51903521063298,6.975826900282246,0.0,5.719716975726273,40.02085989090678,0.0,0.0,20.444444444444443,5.719716975726273,11.766202058821523,0.0,0.0,24.442346259450648,6.975826900282246,10.114318268765572,22.484400942210144,18.388209129292818,2.8236841566564013,12.104143492071133,0.0,112.75999999999999,75.30612014559549,0.0,20.23766152254698,11.111397144155081,-0.7987428791279798,-2.825957564352901,-2.7508142269253373,-1.818338044322667,-3.2113260975686577,0.0,0,0,0,1,0,4,0,0,0,0,0,0,0,0,0,5,0,1,0,0,0,0,0,0,0,0,0,0,0,1,0,0,0,0,0,0,0,0,0,0,0,0,0,0,0,0,0,1,0,0,0,0,0,0,0,0,0,0,1,0,0,0,0,0,0,0,0,0,0,0,0,0,0,0,0,0,0,0,0,0,0,0,0,0,0,0.6346238358669345
mol_0033,COc1cc([N+](=O)[O-])ccc1N,,2.229058574925247,2.0782466787290126,-2.015872826766091,2.252701024590943,-1.9397148001614513,5.56857401732174,-0.38447422950350263,16.6284418261103,10.247230019129573,3.7295268238338615,558.227086521872,15.825908934703556,13.619172062391506,5.619172062391506,8.969920232051185,6.615037448633848,2.7206102576339317,1.760509598432904,1.760509598432904,1.03094867527573,1.03094867527573,0.5382961108672469,0.5382961108672469,47.21280401334117,10.114318268765572,0.0,5.719716975726273,0.0,0.0,0.0,0.0,0.0,4.736862953800049,11.048235493677723,168.053492116,1.9166666666666667,2.75,3.3333333333333335,0.14285714285714285,-1.7799999999999996,12,160.088,11029.381828730124,2.6170739383628083,3.080884117573751,1.4450401647869147,80.25863414873214,10.772489606953894,0.4943331193202267,10.772489606953894,0.2727893002660257,0.23292422524565382,0.2727893002660257,-3.0928448601662897,-0.4943331193202267,1.1855999999999998,44.060800000000015,168.15200000000007,2,5,0,0,0,0,1,0,1,0,20,20,0,4,1,5,0,0,1,3,0,0,0,0,0,64,10.456579929526322,5.749511833283905,2.8236841566564013,0.0,5.687386274683562,0.0,10.114318268765572,0.0,0.0,0.0,0.0,6.042418707663295,6.042418707663295,31.915619827068433,0.6719084609348468,1,20.708409496295435,11.374772549367124,0.0,0.0,0.0,0.0,12.75766943460886,28.241574391755456,0.0,5.749511833283905,19.666666666666668,10.456579929526322,11.374772549367124,5.749511833283905,0.0,11.96126350770026,0.0,10.114318268765572,8.224551337021321,18.127256122989884,2.8236841566564013,0.0,0.0,78.39,61.6260402494331,0.0,9.644607898715043,10.772489606953894,-2.189799225245653,-0.983611111111111,-3.0268825585789862,0.0,0.0,-3.0928448601662897,0,0,0,1,0,0,0,0,0,0,0,0,0,0,0,1,0,1,0,0,0,0,0,0,0,0,0,0,0,1,0,0,0,0,1,0,0,0,0,0,0,1,0,0,0,0,0,0,0,0,0,0,0,0,0,1,0,0,1,1,0,0,0,0,0,0,0,0,0,0,0,0,0,0,0,0,0,0,0,0,0,0,0,0,0,0.4083069985344587
mol_0034,O=[N+]([O-])c1ccc(CCl)cc1,,2.122784755667628,2.0161572193289787,-1.9226331126649783,2.121337132155251,-1.8672180928363313,6.165595529413222,-0.3844458511257207,35.495662903616356,10.210436347242801,3.7730385538035325,471.1128908821139,13.541451884327381,11.141674649436911,5.897603595455366,7.586110083065902,5.527737405924704,2.9057018789339306,1.575207701087334,1.7641899375919476,0.8888687029623517,1.0778509394669653,0.4444343514811758,0.5389254697334827,46.175930369225114,10.114318268765572,0.0,0.0,0.0,0.0,0.0,0.0,0.0,0.0,19.825491227253835,171.008706112,1.6363636363636365,2.1818181818181817,2.5454545454545454,0.14285714285714285,-1.09,11,165.53499999999997,2886.987267707974,3.1080550559183275,3.344861860188002,1.9137205122080574,77.1824101842819,10.580171012849584,0.26894325552886855,10.580171012849584,0.26894325552886855,0.708549382716049,0.2583096361710788,-2.6300642479213905,-0.2583096361710788,2.3335999999999997,42.65340000000002,171.58300000000003,0,3,0,0,0,0,1,0,1,0,17,17,0,2,0,4,0,0,1,2,0,0,0,0,0,58,0.0,0.0,0.0,0.0,5.687386274683562,0.0,10.114318268765572,0.0,0.0,11.600939890232516,12.08483741532659,5.563451491696996,20.658461251040737,10.406345273498552,0.9450922559914274,1,13.147862385838991,17.28832616491608,0.0,0.0,0.0,5.832106723373709,0.0,39.847444591115746,0.0,0.0,18.636363636363637,0.0,5.687386274683562,0.0,11.600939890232516,4.923311048817671,5.832106723373709,10.114318268765572,13.788002828718314,24.16967483065318,0.0,0.0,0.0,43.14,43.820890337616525,5.30178760393046,9.532878873771732,10.580171012849584,-1.7042283950617279,-2.6300642479213905,-3.5403240740740722,0.0,0.0,0.0,0,0,0,0,0,0,0,0,0,0,0,0,0,0,0,1,0,0,0,0,0,0,0,0,0,1,0,0,0,0,0,0,0,0,1,0,0,0,0,0,0,0,0,0,1,0,0,0,0,0,0,0,0,0,0,0,0,0,1,1,0,0,0,0,0,0,0,0,0,0,0,0,0,0,0,0,0,0,0,0,0,0,0,0,0,0.38948169603836147
mol_0035,O=C=Nc1ccc([N+](=O)[O-])cc1,,2.2124053789184934,2.017484910885497,-1.893724083921426,2.162176945501016,-1.8487655607409148,5.507055274362955,-0.38442997489486236,16.62821676674467,10.274668498216165,3.7583008218901526,462.8486029617726,12.455665446700477,9.619172062391506,5.619172062391505,7.4127900201214985,4.740092910151979,2.7400929101519793,1.6574138723775238,1.6574138723775238,0.938627928918788,0.938627928918788,0.4921357376887759,0.4921357376887759,40.467758428837975,14.908855452837393,0.0,0.0,0.0,6.079939479738863,0.0,0.0,0.0,4.992404732635669,5.483034224680881,164.022191988,1.5,2.0833333333333335,2.5,0.0,-2.0,12,160.08799999999997,2699.134562280562,4.13265306122449,3.408284023668639,1.7422222222222221,73.12604754296851,10.507130338246409,0.2690791219414188,10.507130338246409,0.2690791219414188,0.5596296296296293,0.2583096211695778,-1.0186994520030233,-0.2583096211695778,1.5620999999999998,40.87790000000001,164.12,0,5,0,0,0,0,1,0,1,0,16,16,0,4,0,5,0,0,1,2,0,0,0,0,0,60,0.0,0.0,0.0,6.079939479738863,5.687386274683562,0.0,10.114318268765572,4.794537184071822,4.992404732635669,0.0,0.0,12.08483741532659,12.08483741532659,16.093731548182113,1.1737712836613936,1,15.200882457570371,17.454712029105988,0.0,0.0,4.992404732635669,0.0,0.0,34.28399309941875,0.0,0.0,13.333333333333334,0.0,11.374772549367124,0.0,0.0,11.003250528556535,4.794537184071822,10.114318268765572,5.483034224680881,29.16207956328885,0.0,0.0,0.0,72.57,29.125219198790628,0.0,22.47858158541194,10.507130338246409,-1.5042139077853358,0.0,-3.173981481481479,1.067264266817838,0.0,0.0,0,0,0,0,0,0,0,0,0,0,0,1,0,0,1,2,0,0,0,0,0,0,0,0,0,0,0,0,0,0,0,0,0,0,1,0,0,0,0,0,0,0,0,0,0,0,0,0,0,1,0,0,0,0,0,0,0,0,1,1,0,0,0,0,0,0,0,0,0,0,0,0,0,0,0,0,0,0,0,0,0,0,0,0,0,0.2878974465785001
mol_0036,O=C(O)c1cc(Cl)cc([N+](=O)[O-])c1Cl,,2.2522748205100616,2.2064918147291097,-2.000014106292709,2.310071589527064,-2.000270286089685,6.37006896393817,-0.3843096413838242,35.49678717066758,10.175007718289674,3.7371861301641576,522.5756501851085,13.325908934703556,9.336135703373865,7.847993595410774,7.823473622644457,4.533216223357043,3.880896878911635,2.14613853440952,2.902067480427975,1.2769872383091696,1.8339582550435556,0.7395235843309728,1.1641673236134473,44.27355814595932,14.908855452837393,0.0,0.0,0.0,0.0,0.0,0.0,0.0,5.1088081911072125,27.374596550038106,234.943912936,1.6428571428571428,2.2857142857142856,2.7857142857142856,0.0,-1.33,14,232.986,4085.6265244052515,7.027167961249266,3.811632830697173,1.941396879996435,92.31319102102715,11.1368039808516,0.4775970083093934,11.1368039808516,0.3370294815296004,0.6097222222222218,0.3370294815296004,-1.3564814814814807,-0.4775970083093934,2.599800000000001,50.075700000000005,236.01000000000002,1,5,0,0,0,0,1,0,1,0,17,17,0,4,1,7,0,0,1,2,0,0,0,0,0,74,5.1088081911072125,5.022633313741326,0.0,0.0,7.118585931916196,5.969305287951849,10.114318268765572,4.794537184071822,0.0,0.0,23.20187978046503,6.042418707663295,11.065052021404622,13.228279652855106,1.9132131505657874,1,17.568173536337145,34.858571343100444,1.4311996572326342,0.0,0.0,0.0,0.0,37.807873803271804,0.0,0.0,12.571428571428571,0.0,5.687386274683562,0.0,23.20187978046503,16.001424527876733,0.0,10.114318268765572,13.099505788109257,12.08483741532659,10.045266627482652,1.4311996572326342,0.0,80.44,21.120432098765434,11.033433484504911,20.785062043335856,12.889639707734947,-1.622746913580246,-1.3564814814814807,-1.4604500503905258,0.0,0.0,0.0,0,0,0,0,1,0,0,0,1,1,1,0,0,0,0,1,0,0,0,0,0,0,0,0,0,0,0,0,0,0,0,0,0,0,1,0,0,0,0,0,0,0,0,0,2,0,0,0,0,0,0,0,0,0,0,0,0,0,1,1,0,0,0,0,0,0,0,0,0,0,0,0,0,0,0,0,0,0,0,0,0,0,0,0,0,0.6314904083319581
mol_0037,COc1cc(N=Nc2c(Br)cc([N+](=O)[O-])cc2[N+](=O)[O-])c(NC(C)=O)cc1N(CCOC(C)=O)CCOC(C)=O,,3.084447206768807,2.240284366785951,-2.267664370913329,2.4252203465636346,-2.319284090277161,9.103714353369003,-0.39333696914764643,79.91873145155527,10.160470555992797,3.6077477149022066,2280.5230896155053,51.505189020535624,43.643728950647606,20.22972548976231,28.71749746320501,21.66607106218199,10.011855736239383,6.010165016275292,6.803163285832642,3.5617920993534713,4.135611037809141,2.193914167256359,2.648783365278427,160.12367798013437,34.61224808974661,0.0,0.0,0.0,0.0,0.0,0.0,0.0,40.36903301060829,34.31004742641348,624.0815531000007,1.075,1.75,2.3,0.34782608695652173,-4.670000000000001,40,600.1890000000003,2642872209656.623,11.069941221931195,14.47444439510425,8.967109417641655,270.44035445795095,13.105243218625592,0.4944994174904918,13.105243218625592,0.3042727124550032,0.9529885990782909,0.3042727124550032,-4.979439586922193,-0.4944994174904918,4.580500000000004,144.4034999999998,625.3890000000013,1,16,0,0,0,1,2,0,2,0,65,66,0,13,1,17,0,0,2,13,0,0,0,0,0,214,24.420311945539,24.554868593800045,7.099228353011763,5.907179729351506,5.687386274683562,17.625996850587264,34.61224808974661,0.0,0.0,10.228500251258795,0.0,21.972362605612645,44.977340772745634,72.32958304056595,4.005781216847887,2,72.75086993766446,67.90005185130592,0.0,0.0,10.228500251258795,20.555676351887037,43.35936539748591,48.87103088401674,0.0,5.749511833283905,22.475,14.946586037938904,34.124317648101375,5.749511833283905,15.929943897949348,60.84205471623759,23.85733745981556,20.228636537531145,53.453881699972364,38.87089459774439,1.4118420783282006,0.0,0.0,205.17,210.59544668953865,2.584314853203213,57.28462770285784,29.229462685515138,-10.655028787715235,-9.912761747055994,-7.199239591686992,0.0,-31.572740526630255,-4.104081278026382,0,0,0,0,0,0,0,0,0,0,3,3,0,0,0,5,1,0,0,0,0,0,0,0,0,0,0,1,0,2,0,0,1,0,2,0,0,0,0,0,2,3,0,0,1,0,0,0,0,0,0,0,0,0,0,1,0,0,2,2,0,0,0,0,0,0,0,0,0,0,0,0,0,0,0,0,0,0,0,0,0,0,0,0,0,0.14108909197774
mol_0038,O=C(NC(CO)C(O)c1ccc([N+](=O)[O-])cc1)C(Cl)Cl,,2.6874887437950443,2.2435815633189504,-2.223138537588284,2.203148626798978,-2.4358850906246805,6.530354842931773,-0.38445328086872177,35.53916852833981,10.022917884622359,4.192615319740448,919.9060588411143,25.61036598507973,21.191597589337686,10.703455481374597,14.272814567527757,10.290015850052754,5.282234619643525,2.937876369649562,3.8872694140873603,1.7082062675221448,2.0315404684299403,0.8928677343980207,0.9773831598708723,75.03003379615895,14.908855452837393,0.0,0.0,0.0,0.0,0.0,0.0,0.0,10.217616382214425,39.81294817879049,322.01232684400037,1.65,2.3,2.75,0.36363636363636365,-1.4099999999999997,20,311.03599999999994,2278184.208115059,6.146842915310221,7.392954608862727,4.309031435917423,140.90651680629352,12.24123588015453,0.3941232075520646,12.24123588015453,0.26894513302429984,0.8991956412194511,0.26894513302429984,-4.141590844671204,-0.3941232075520646,0.9089999999999998,72.56670000000003,323.1319999999997,3,7,0,0,0,1,1,0,1,2,32,32,0,5,3,9,0,0,1,8,0,0,0,0,2,110,15.5274297355028,6.080018026949988,6.22416340777994,2.8623993144652684,11.594566004035068,0.0,14.908855452837393,0.0,0.0,0.0,23.20187978046503,17.648288907023584,12.08483741532659,29.83701576561558,2.272166533034895,1,33.6841336989641,34.7964457845001,2.8623993144652684,5.309813353288376,0.0,16.91023182475137,6.558985242916289,39.847444591115746,0.0,0.0,26.7,5.309813353288376,5.687386274683562,0.0,23.20187978046503,41.299705515566544,4.794537184071822,10.114318268765572,23.98029652417896,24.16967483065318,1.4118420783282006,0.0,0.0,112.70000000000002,92.55243849378425,10.510367789533252,18.761572146688486,17.90408639548182,-2.8836009542705967,-2.1225924876123283,-9.875204624030683,-3.969362087427564,-3.98881578325775,0.0,0,2,0,0,0,0,0,0,0,0,1,1,0,0,0,1,1,0,0,0,0,0,0,0,0,2,0,1,0,0,0,0,0,0,1,0,0,0,0,0,0,0,0,0,2,0,0,0,0,0,0,0,0,0,0,0,0,0,1,1,0,0,0,0,0,0,0,0,0,0,0,0,0,0,0,0,0,0,0,0,0,0,0,0,0,0.4090709280478973
mol_0039,O=C1CN=C(c2ccccc2Cl)c2cc([N+](=O)[O-])ccc2N1,,2.776108087495028,2.21655991486064,-2.105208807334558,2.288300279214486,-2.1297836519198805,6.357609915873266,-0.38443522698642385,35.49569170947699,9.997052493142638,2.646292991792506,1237.4828369872623,24.444711088220565,20.44435013090069,11.200279076919145,14.64534671259413,10.57350233765651,6.004253215165779,3.8824751758730507,4.2604396488822776,2.5541234476934633,2.837596802450384,1.6637174517568112,1.8477118418716971,92.86027526540134,14.908855452837393,0.0,5.309813353288376,0.0,0.0,0.0,0.0,0.0,4.992404732635669,25.349608974092693,315.0410688600003,1.3636363636363635,2.1363636363636362,2.909090909090909,0.06666666666666667,-2.7299999999999995,22,305.636,5483840.6327950535,6.578139011052114,5.572723046505113,2.5586032534213317,144.24820286803137,12.490681269421348,0.3238334258325958,12.490681269421348,0.2697570973628335,0.15915958049886658,0.2697570973628335,-3.2443060673343416,-0.3238334258325958,3.037700000000001,83.6841,315.71599999999984,1,6,0,1,1,1,2,0,2,0,32,34,0,4,1,7,1,0,3,2,0,0,0,0,0,110,5.309813353288376,6.496859684315945,1.4118420783282006,5.907179729351506,5.687386274683562,0.0,19.901260185473063,0.0,0.0,0.0,29.7281960132224,12.08483741532659,28.234373712461906,28.65920933180391,1.6662794031820214,3,23.46651731674967,34.594577171721845,0.0,0.0,4.992404732635669,0.0,11.80667303760432,68.56078551954394,0.0,0.0,22.863636363636363,5.309813353288376,11.374772549367124,0.0,11.600939890232516,23.039035465255825,4.794537184071822,10.114318268765572,23.46372998892597,47.28933568627873,6.434475392069527,0.0,0.0,84.6,79.54874024634299,6.081966542789954,26.33463518226858,10.614548626041156,-4.478891145964558,-1.6603132611069114,-6.501935678592425,0.0,-3.2443060673343416,0.0,0,0,0,0,0,0,0,0,0,0,1,1,0,0,1,2,1,0,0,0,0,0,0,0,0,0,0,1,0,1,0,0,0,0,2,1,1,0,0,0,0,0,0,0,1,0,0,0,0,0,0,0,0,0,0,0,0,0,1,1,0,0,0,0,0,0,0,0,0,0,0,0,0,0,0,0,0,0,0,0,0,0,0,0,0,0.682474275950086
mol_0040,O=[N+]([O-])c1cc(C2CCCCC2)c(O)c([N+](=O)[O-])c1,,2.638749992952832,2.2805038801968074,-2.2181904028630828,2.4270816696348523,-2.0627058123733786,5.584506690317642,-0.394435730541687,16.63409104657163,9.83048718410719,3.3215534955542036,1027.7421342144517,26.325908934703556,22.935668643319232,8.935668643319232,14.534798488049645,11.539882774535975,4.631634484072112,3.165557310901987,3.165557310901987,2.0374918248028027,2.0374918248028027,1.264609156388502,1.264609156388502,82.37777757931991,20.228636537531145,0.0,0.0,0.0,0.0,0.0,0.0,0.0,5.1088081911072125,19.251060887445494,266.0902715480003,1.3157894736842106,2.0,2.526315789473684,0.5,-2.18,19,252.14099999999996,3457554.115766096,4.157560705429385,5.21183203024454,2.6416505023114336,128.47166711001955,11.489007857772737,0.501887416657858,11.489007857772737,0.3173698661685815,1.519069231859409,0.3173698661685815,-4.18753873771731,-0.501887416657858,3.256300000000002,67.24160000000002,266.2529999999998,1,7,1,0,1,0,1,0,1,0,33,34,0,5,1,7,0,0,2,4,1,0,1,0,0,102,5.1088081911072125,0.0,5.749511833283905,0.0,7.118585931916196,5.687386274683562,20.228636537531145,0.0,0.0,0.0,19.118774703988137,18.639807488021837,26.684214317232705,18.630557917639077,1.1404477922233134,2,32.77529151895541,11.374772549367124,1.4311996572326342,0.0,0.0,37.758582192009975,0.0,37.87692544455473,0.0,5.749511833283905,41.68421052631579,0.0,11.374772549367124,5.749511833283905,0.0,16.38662994597519,0.0,20.228636537531145,61.14189491391987,12.08483741532659,0.0,0.0,0.0,106.51000000000002,111.26759131970691,0.0,19.87949176429831,26.90567539052658,-5.299803476946334,-5.882072940287226,-3.3633857578525235,-20.507496299445712,0.0,0.0,0,0,0,0,0,0,0,1,0,0,0,0,0,0,0,2,0,0,0,0,0,0,0,0,0,0,0,0,0,0,0,0,0,0,1,0,0,0,0,0,0,0,0,0,0,0,0,0,0,0,0,0,0,0,0,0,0,0,2,2,0,0,0,0,0,1,1,0,0,0,0,0,0,0,0,0,0,0,0,0,0,0,0,0,0,0.6669930006328431
mol_0041,Cc1c(C(N)=O)cc([N+](=O)[O-])cc1[N+](=O)[O-],,2.3440291408275846,2.2273963879171554,-2.020327977247392,2.269874034362491,-2.1373424479170033,5.956920737818795,-0.39408942172109485,16.633354266914456,10.053207367300464,4.181153240060208,717.2413785830087,18.27350269189626,14.382882238819189,7.38288223881919,10.318160890634779,6.999668472822007,3.605241281822091,2.5165857300785386,2.5165857300785386,1.5460223403485402,1.5460223403485402,0.8938219342245203,0.8938219342245203,62.91192386809651,25.023173721602966,0.0,0.0,0.0,0.0,0.0,0.0,0.0,0.0,9.677476937507501,225.038570324,1.5,2.1875,2.625,0.125,-2.5100000000000002,16,218.10399999999998,42328.47822506452,5.012482964347618,3.927521570712279,1.9459484630854713,98.91955835599761,11.768223733938019,0.3655834283229956,11.768223733938019,0.27947543817941617,0.6669803476946337,0.27947543817941617,-3.384786470143615,-0.3655834283229956,0.91032,53.0057,225.16000000000005,2,8,0,0,0,1,1,0,1,0,23,23,0,5,1,8,0,0,1,3,0,0,0,0,0,84,5.719716975726273,0.0,2.8236841566564013,5.907179729351506,11.374772549367124,0.0,25.023173721602966,0.0,0.0,0.0,0.0,6.851892117295679,15.718145867870948,24.194009409336072,1.2304146853314435,1,24.31863621921466,17.28195227871863,0.0,0.0,5.719716975726273,6.851892117295679,0.0,43.440376936251724,0.0,0.0,16.625,5.719716975726273,11.374772549367124,0.0,0.0,15.753801826986848,0.0,27.080528654826825,22.775232948316912,12.08483741532659,2.8236841566564013,0.0,0.0,129.37,50.40164210128496,0.0,30.97955924036281,21.959883786848074,-6.421795162509447,-1.784884259259259,-2.8329525699168556,0.0,-3.384786470143615,0.0,0,0,0,0,0,0,0,0,0,0,1,1,0,0,0,2,0,1,0,0,0,0,0,0,0,0,0,1,0,0,0,0,0,0,1,0,0,0,0,0,0,0,0,0,0,0,0,0,0,0,0,0,0,0,0,0,0,0,2,2,0,0,0,0,0,0,0,0,0,0,0,1,0,0,0,0,0,0,0,0,0,0,0,0,0,0.6030001260558652
mol_0042,CCC(C)c1cc([N+](=O)[O-])cc([N+](=O)[O-])c1O,,2.4968705996773286,2.2502060225795484,-2.102743880034664,2.3842673316760505,-1.9908589840681756,5.582426038591308,-0.3944291866944064,16.634082877798363,9.961452056479347,4.448915674813491,866.3430906197183,23.325908934703556,19.935668643319232,7.935668643319231,12.784798488049645,9.789882774535975,3.8816344840721118,2.665557310901987,2.665557310901987,1.6624918248028029,1.6624918248028029,0.9521091563885022,0.9521091563885022,70.58986220859377,20.228636537531145,0.0,0.0,0.0,0.0,0.0,0.0,0.0,5.1088081911072125,16.509543775105055,240.074621484,1.6470588235294117,2.411764705882353,2.8823529411764706,0.4,-2.18,17,228.11899999999997,464505.32201097184,3.9350181756911184,4.770617543252392,2.4947598431117988,113.93767303441996,11.29473509542706,0.5018875394209572,11.29473509542706,0.31736967169438124,1.486369520030233,0.31736967169438124,-4.0698304043839775,-0.5018875394209572,2.7221000000000015,60.12160000000003,240.2150000000001,1,7,0,0,0,0,1,0,1,1,29,29,0,5,1,7,0,0,1,5,0,0,0,0,1,92,5.1088081911072125,0.0,5.749511833283905,0.0,7.118585931916196,5.687386274683562,20.228636537531145,0.0,0.0,0.0,13.703784234591359,12.266882586692457,23.942697204892266,18.630557917639074,1.1042627495275925,1,30.03377440661497,11.374772549367124,1.4311996572326342,0.0,0.0,25.970666821283817,0.0,37.87692544455473,0.0,5.749511833283905,26.352941176470587,0.0,11.374772549367124,5.749511833283905,0.0,16.38662994597519,0.0,20.228636537531145,46.61246243085326,12.08483741532659,0.0,0.0,0.0,106.51,90.46045788454272,0.0,19.556345663265308,26.444532076719575,-5.113279006046863,-5.697291666666667,-3.244965986394557,-4.0698304043839775,-7.835968561035528,0.0,0,0,0,0,0,0,0,1,0,0,0,0,0,0,0,2,0,0,0,0,0,0,0,0,0,0,0,0,0,0,0,0,0,0,1,0,0,0,0,0,0,0,0,0,0,0,0,0,0,0,0,0,0,0,0,0,0,0,2,2,0,0,0,0,0,1,1,0,0,0,0,0,0,0,0,0,0,0,0,0,0,0,0,0,0,0.6426558619443419
mol_0043,Cc1cc([N+](=O)[O-])cc([N+](=O)[O-])c1O,,2.239893186537279,2.209154529030439,-1.9896234174284961,2.327953207557108,-1.9411191226520992,5.566615024099724,-0.394387772927951,16.634067140160596,10.149393963922318,4.028665979681782,600.5943732097867,15.825908934703556,12.435668643319232,6.435668643319232,9.034798488049645,6.039882774535974,3.1316344840721113,2.165557310901987,2.165557310901987,1.2874918248028027,1.2874918248028027,0.7135781200805192,0.7135781200805192,51.471087504605634,20.228636537531145,0.0,0.0,0.0,0.0,0.0,0.0,0.0,5.1088081911072125,8.284992438083735,198.027671292,1.5,2.2142857142857144,2.642857142857143,0.14285714285714285,-2.18,14,192.08599999999996,11770.638695253401,4.35769267686215,3.2857524238519376,1.6044979462832727,86.41302369022328,10.82150604686319,0.5019019826977436,10.82150604686319,0.31734699518312387,1.1510185185185182,0.31734699518312387,-3.1560648148148154,-0.5019019826977436,1.5170199999999998,46.15260000000002,198.13400000000001,1,7,0,0,0,0,1,0,1,0,20,20,0,5,1,7,0,0,1,3,0,0,0,0,0,74,5.1088081911072125,0.0,5.749511833283905,0.0,7.118585931916196,5.687386274683562,20.228636537531145,0.0,0.0,0.0,0.0,6.851892117295679,15.718145867870948,18.630557917639074,1.022735662528689,1,21.809223069593653,11.374772549367124,1.4311996572326342,0.0,0.0,6.851892117295679,0.0,37.87692544455473,0.0,5.749511833283905,16.571428571428573,0.0,11.374772549367124,5.749511833283905,0.0,16.38662994597519,0.0,27.080528654826825,12.417244272548094,12.08483741532659,0.0,0.0,0.0,106.51,42.91139314058957,0.0,19.05610355253212,25.435744047619046,-3.8200462962962956,-1.1707407407407404,-2.5063888888888877,0.0,-3.1560648148148154,0.0,0,0,0,0,0,0,0,1,0,0,0,0,0,0,0,2,0,0,0,0,0,0,0,0,0,0,0,0,0,0,0,0,0,0,1,0,0,0,0,0,0,0,0,0,0,0,0,0,0,0,0,0,0,0,0,0,0,0,2,2,0,0,0,0,0,1,1,0,0,0,0,0,0,0,0,0,0,0,0,0,0,0,0,0,0,0.5720654169940127
mol_0044,COP(=S)(OC)Oc1ccc([N+](=O)[O-])c(C)c1,,2.4073276537259276,2.194992044603768,-2.177438851915509,2.479975850109841,-1.978056394773839,8.07279853027408,-0.38501324346605637,32.452991129199816,10.176411061756479,3.7835839547429773,845.5232715512841,23.162772227887025,19.843916933783095,9.554840705710737,12.68477505730651,9.681424348456106,6.237462950146882,2.4059156023195003,5.189706137324455,1.3790386463060018,2.90325361864093,0.7327275380470089,1.3830316253394834,67.69732103889605,10.114318268765572,0.0,0.0,0.0,0.0,0.0,0.0,0.0,20.85435041206228,20.972849835754456,277.01738011400033,1.5294117647058822,2.235294117647059,2.764705882352941,0.3333333333333333,-1.01,17,265.14199999999994,354021.6047569349,4.58612547277067,5.550845241449042,3.472275419065506,120.75941497893389,11.18181418790478,0.4241224514170116,11.18181418790478,0.3795196463794277,1.205038580246913,0.3795196463794277,-4.837533304988663,-0.4241224514170116,2.7993200000000007,66.76440000000001,277.2379999999997,0,6,0,0,0,0,1,0,1,0,29,29,0,6,0,8,0,0,1,5,0,0,0,0,0,94,13.571241485135452,5.749511833283905,0.0,0.0,5.687386274683562,6.718607232363179,10.114318268765572,0.0,0.0,0.0,0.0,18.93672953262227,41.600906874274784,17.26013805434965,1.497463103365724,1,34.94365520799577,24.212849595685388,0.0,0.0,0.0,6.851892117295679,14.075904917765177,33.80502588345245,0.0,5.749511833283905,23.764705882352942,4.5237471617118175,5.687386274683562,5.749511833283905,6.718607232363179,18.99921596658285,20.85435041206228,16.966210386061253,22.012554165739633,18.127256122989884,0.0,0.0,0.0,70.83,101.48071743967715,4.685782680356094,9.901908197730934,11.18181418790478,-2.655603190350214,-1.205038580246913,-3.7927225056689338,0.0,-8.157547792265056,-6.717088214915601,0,0,0,0,0,0,0,0,0,0,0,0,0,0,0,1,0,0,0,0,0,0,0,0,0,0,0,0,0,0,0,0,0,0,1,0,0,0,0,0,0,0,0,0,0,0,0,0,0,0,0,0,0,0,0,0,0,0,1,1,0,0,0,0,0,0,0,0,0,0,0,0,0,0,0,0,0,0,0,0,0,0,0,0,0,0.46795440301271596
mol_0045,CN1C(=O)CN=C(c2ccccc2F)c2cc([N+](=O)[O-])ccc21,,2.8118484211001995,2.2539464857020013,-2.173179581483218,2.297404025713443,-2.2733688848058815,6.1942638836601756,-0.38443671269800883,19.142192600500792,9.989460945377248,2.7088361297016488,1329.2502696562333,26.944711088220565,22.944350130900688,10.94435013090069,15.856671577999318,11.84989553990653,5.84989553990653,4.10608197362303,4.10608197362303,2.767472092464712,2.767472092464712,1.7725700009130536,1.7725700009130536,100.63068969298816,14.908855452837393,4.39041504767482,4.899909730850478,0.0,0.0,0.0,0.0,0.0,4.992404732635669,16.44910267404264,313.08626946400034,1.391304347826087,2.1739130434782608,2.9130434782608696,0.125,-3.09,23,301.19200000000006,16593786.035312295,6.191540786446962,5.600501732993522,2.565453566330496,147.43727001316518,15.162486733119174,0.31319300675029144,15.162486733119174,0.2697573412728462,0.30102465986394566,0.2697573412728462,-3.579852791425214,-0.31319300675029144,2.5477000000000007,83.41240000000002,313.28799999999984,0,6,0,1,1,1,2,0,2,0,35,37,0,4,0,7,1,0,3,2,0,0,0,0,0,116,4.899909730850478,12.31408052536184,0.0,5.907179729351506,5.687386274683562,0.0,19.901260185473063,4.39041504767482,0.0,0.0,12.08483741532659,18.127256122989884,34.29984296751349,28.65920933180391,1.5076406480172297,3,30.557365954606947,22.99363728148933,0.0,0.0,4.992404732635669,0.0,18.372596315448668,69.35537304684851,0.0,0.0,24.304347826086957,4.899909730850478,15.765187597041944,0.0,0.0,30.014862365538068,4.794537184071822,15.931539109811467,27.576005657436628,47.28933568627873,0.0,0.0,0.0,75.81,109.59467345964889,0.0,26.23479798478671,11.547334255467824,-6.198556836314772,-3.6889224825732763,-8.508184497564457,0.0,-7.147808550117582,0.0,0,0,0,0,0,0,0,0,0,0,1,1,0,0,1,3,0,0,0,1,0,0,0,0,0,0,0,1,0,1,0,0,0,0,2,1,1,0,0,0,0,0,0,0,1,0,0,0,0,0,0,0,0,0,0,0,0,0,1,1,0,0,0,0,0,0,0,0,0,0,0,0,0,0,0,0,0,0,0,0,0,0,0,0,0,0.6313255490777444
mol_0046,COP(=S)(OC)Oc1ccc([N+](=O)[O-])c(C(F)(F)F)c1,,2.4073276537259276,2.3864855914053895,-2.184533327877547,2.4908257825847753,-2.090584638481626,8.072801320484105,-0.3876156042226832,32.45299165214188,10.14297507130624,3.7835839547429773,855.2586090447937,23.162772227887025,17.977810352810778,10.688734124738417,12.68477505730651,8.748371057969948,6.804409659660722,2.9036746713621353,5.68746520636709,1.662512001062922,3.1867269733978514,0.9378507845301077,1.5881548718225826,67.02172743904384,23.28556341179003,0.0,0.0,0.0,0.0,0.0,0.0,0.0,25.3780975737741,12.33682700553198,330.98911467800025,1.45,2.05,2.5,0.3333333333333333,-1.2200000000000002,20,322.13599999999997,354021.6047569349,7.692980266114348,6.04413408662973,3.888553296497329,129.04110968720914,13.252401738473168,0.4241162869107519,13.252401738473168,0.42263594093521434,1.465547524565382,0.42263594093521434,-5.570014487276396,-0.4241162869107519,3.5097000000000014,67.0294,331.2079999999998,0,6,0,0,0,0,1,0,1,0,29,29,0,6,0,11,0,0,1,5,0,0,0,0,0,112,13.571241485135452,11.3129633249809,0.0,0.0,5.687386274683562,12.894905749806654,10.114318268765572,0.0,13.171245143024459,0.0,0.0,12.08483741532659,31.92517971406712,17.26013805434965,2.324870212709579,1,44.00262468250959,24.212849595685388,0.0,0.0,0.0,6.176298517443475,14.075904917765177,33.80502588345245,0.0,5.749511833283905,20.05,4.5237471617118175,18.858631417708022,5.749511833283905,6.718607232363179,18.99921596658285,27.030648929505755,10.114318268765572,17.900278497228975,18.127256122989884,0.0,0.0,0.0,70.83,117.23223813128713,4.545157680356094,9.291908197730935,10.93181418790478,-4.218103190350216,-1.5650385802469133,-4.965222505668934,-5.570014487276396,-5.0212067743764175,-6.939310437137821,0,0,0,0,0,0,0,0,0,0,0,0,0,0,0,1,0,0,0,0,0,0,0,0,0,3,0,0,0,0,0,0,0,0,1,0,0,0,0,0,0,0,0,0,3,0,0,0,0,0,0,0,0,0,0,0,0,0,1,1,0,0,0,0,0,0,0,0,0,0,0,0,0,0,0,0,0,0,0,0,0,0,0,0,0,0.4670557514500588
mol_0047,O=[N+]([O-])c1cccc(C(F)(F)F)c1,,2.1129569318075276,2.3108878781838427,-2.041659684430676,2.3043693665903526,-2.0447316847895514,5.34940818941744,-0.3846449851511726,19.41317133474776,10.175106513715114,3.81101112074629,503.11777838427736,13.541451884327381,9.897603595455365,5.897603595455365,7.586110083065902,4.905701878933931,2.90570187893393,1.9784756518776616,1.9784756518776616,1.077850939466965,1.077850939466965,0.5668763194522299,0.5668763194522299,46.520122163294886,23.28556341179003,0.0,0.0,0.0,0.0,0.0,0.0,0.0,0.0,5.483034224680881,191.019413028,1.4615384615384615,2.076923076923077,2.5384615384615383,0.14285714285714285,-1.5900000000000003,13,187.07599999999996,2860.9436856673924,5.206931040421851,3.0411121345816894,2.1723767400814507,76.5658091658433,12.457503779289492,0.41616030941388044,12.457503779289492,0.41616030941388044,1.1685185185185187,0.2583094562918329,-5.150370370370371,-0.2583094562918329,2.613600000000001,38.09840000000001,191.108,0,3,0,0,0,0,1,0,1,0,17,17,0,2,0,6,0,0,1,1,0,0,0,0,0,70,0.0,0.0,0.0,0.0,5.687386274683562,6.176298517443475,10.114318268765572,0.0,13.171245143024459,0.0,6.042418707663295,6.042418707663295,12.08483741532659,15.969796765195545,1.2180662439197656,1,23.57759041652301,5.687386274683562,0.0,0.0,0.0,6.176298517443475,0.0,39.847444591115746,0.0,0.0,15.615384615384615,0.0,18.858631417708022,0.0,0.0,4.923311048817671,6.176298517443475,10.114318268765572,11.046485716377875,24.16967483065318,0.0,0.0,0.0,43.14,65.50364040060468,0.0,9.10301776266062,10.438943688586546,-3.2884027777777773,0.0,-5.356828703703703,-5.150370370370371,0.0,0.0,0,0,0,0,0,0,0,0,0,0,0,0,0,0,0,1,0,0,0,0,0,0,0,0,0,3,0,0,0,0,0,0,0,0,1,0,0,0,0,0,0,0,0,0,3,0,0,0,0,0,0,0,0,0,0,0,0,0,1,1,0,0,0,0,0,0,0,0,0,0,0,0,0,0,0,0,0,0,0,0,0,0,0,0,0,0.5053629591856786
mol_0048,CC(=O)c1cccc([N+](=O)[O-])c1,,2.241490330087928,2.0660089564262827,-1.9343577745297975,2.1238591512060125,-1.9367895438012261,5.9408262835047605,-0.3844520353458325,16.628226277916607,10.1322897817802,3.7670344824733455,580.9308977366402,15.118802153517008,12.671958466891548,5.671958466891548,8.49679368558886,6.292879314652021,2.7928793146520214,1.8098407280669593,1.8098407280669593,1.021439657326011,1.021439657326011,0.5386706783817529,0.5386706783817529,52.97896070951202,14.908855452837393,0.0,0.0,0.0,0.0,0.0,0.0,0.0,0.0,9.59530989319154,165.042593084,1.75,2.5,3.0833333333333335,0.125,-1.71,12,158.09199999999998,7464.1627991928,2.9706864560966406,3.126513566573834,1.6602267940539053,78.8105786720084,11.576557067271352,0.29450762837498157,11.576557067271352,0.26965143972823397,0.9626851851851848,0.26965143972823397,-3.185067082388512,-0.29450762837498157,1.7973999999999999,43.10090000000002,165.14800000000005,0,4,0,0,0,0,1,0,1,0,19,19,0,3,0,4,0,0,1,2,0,0,0,0,0,62,0.0,0.0,5.783244946364939,0.0,5.687386274683562,0.0,14.908855452837393,0.0,0.0,0.0,12.08483741532659,6.851892117295679,21.760564575534243,10.406345273498552,0.7739909589186076,1,19.31315812608103,11.470631221048501,0.0,0.0,0.0,6.851892117295679,0.0,39.847444591115746,0.0,0.0,18.833333333333332,0.0,5.687386274683562,0.0,0.0,10.70655599518261,0.0,10.114318268765572,26.805190686256033,24.16967483065318,0.0,0.0,0.0,60.209999999999994,50.15822562358276,0.0,21.121926492819348,10.6996910430839,-2.1932407407407397,-1.6258333333333332,-4.0590353363567635,0.0,-3.185067082388512,0.0,0,0,0,0,0,0,0,0,0,0,1,1,0,0,0,1,0,0,0,0,0,0,0,0,0,0,0,0,0,0,0,0,0,0,1,0,0,0,0,0,0,0,0,0,0,0,0,0,0,0,0,1,1,0,0,0,0,0,1,1,0,0,0,0,0,0,0,0,0,0,0,0,0,0,0,0,0,0,0,0,0,0,0,0,0,0.381035510605069
mol_0049,Cc1c([N+](=O)[O-])cc2c(c1[N+](=O)[O-])C(C)(C)CC2(C)C,,2.798952337185789,2.4820633190595505,-2.218395668455009,2.5432896996085606,-2.180821975404575,5.663275887457485,-0.395458339678813,16.633578020513415,9.81379294404698,3.8355635384677575,1174.636295654737,30.61880215351701,27.52742035285537,9.52742035285537,16.419443416399236,13.927510338840179,4.92751033884018,4.086433165670055,4.086433165670055,2.693960267732574,2.693960267732574,1.9710624726800727,1.9710624726800727,95.41653425635808,20.228636537531145,0.0,0.0,0.0,0.0,0.0,0.0,0.0,0.0,24.673654011063956,278.1266570560005,1.25,1.9,2.35,0.5714285714285714,-1.9799999999999998,20,260.164,17133887.494366948,3.8089131431576835,4.006179842182168,1.8651007668440325,141.94052932916077,12.278059334845045,0.2826836829501851,12.278059334845045,0.2826836829501851,1.693095710506423,0.25829711339551736,-4.6000727513227515,-0.25829711339551736,3.7703200000000026,75.15680000000003,278.30799999999965,0,6,1,0,1,0,1,0,1,0,38,39,0,4,0,6,0,0,2,2,0,0,0,0,0,108,0.0,5.563451491696996,0.0,0.0,11.374772549367124,0.0,20.228636537531145,0.0,0.0,0.0,27.407568469182717,29.618249449115616,34.90876565425403,11.217380653805561,0.7629595527370517,2,34.5202761086993,11.374772549367124,0.0,0.0,0.0,51.46236642660133,0.0,42.961409720285424,0.0,0.0,37.6,0.0,11.374772549367124,0.0,0.0,9.846622097635342,10.82998093879356,27.080528654826825,75.14450185666703,6.042418707663295,0.0,0.0,0.0,86.28,144.24489701436127,0.0,20.704238236961448,24.184634589947088,-19.14503354119426,0.0,-1.9923842592592587,-4.6000727513227515,-21.396279289493584,0.0,0,0,0,0,0,0,0,0,0,0,0,0,0,0,0,2,0,0,0,0,0,0,0,0,0,0,0,0,0,0,0,0,0,0,1,0,1,0,0,0,0,0,0,0,0,0,0,0,0,0,0,0,0,0,0,0,0,0,2,2,0,0,0,0,0,0,0,0,0,0,0,0,0,0,0,0,0,0,0,0,0,0,0,0,0,0.6082378466337925
mol_0050,COc1c(C(C)(C)C)cc([N+](=O)[O-])c(C)c1[N+](=O)[O-],,2.499516647115625,2.336299327488987,-2.217328330099373,2.4369874500903568,-2.1505139736327936,5.658501663229779,-0.3954761497569821,16.635452405986058,9.843657866090568,4.940159798878701,996.5170277385606,28.325908934703556,24.935668643319232,8.935668643319232,15.142569962861558,12.335758629304044,4.335758629304044,3.2676193835179532,3.2676193835179532,2.001357296293758,2.001357296293758,1.256295613305368,1.256295613305368,84.00073956880574,20.228636537531145,0.0,0.0,0.0,0.0,0.0,0.0,0.0,4.736862953800049,21.932136898723517,268.1059216120004,1.3157894736842106,2.0,2.4210526315789473,0.5,-2.18,19,252.14099999999993,3600703.7011688845,3.908065161438623,4.830424955832821,2.6416505023114336,132.52008048306803,11.875630196523051,0.4899164424898348,11.875630196523051,0.32046704277345944,1.6915013227513214,0.32046704277345944,-4.381489984882843,-0.4899164424898348,3.1175200000000025,69.73980000000002,268.2689999999997,0,7,0,0,0,0,1,0,1,0,35,35,0,5,0,7,0,0,1,3,0,0,0,0,0,104,4.736862953800049,5.563451491696996,0.0,5.749511833283905,5.687386274683562,5.687386274683562,20.228636537531145,0.0,0.0,0.0,20.555676351887037,12.266882586692459,28.054972873402924,22.367608781198808,0.9935587097281025,1,36.515621950158916,11.374772549367124,0.0,0.0,0.0,32.8225589385795,7.037952458882589,37.39795822858843,0.0,5.749511833283905,26.94736842105263,4.736862953800049,11.374772549367124,5.749511833283905,0.0,16.88457455651793,5.41499046939678,27.080528654826825,53.6147162340046,6.042418707663295,0.0,0.0,0.0,95.51,126.20589640022679,0.0,20.178018825585788,23.603619260204077,-12.461381330309905,-2.0415740740740738,-2.0052314814814816,0.0,-16.64408848261527,-3.835259117535908,0,0,0,0,0,0,0,0,0,0,0,0,0,0,0,2,0,0,0,0,0,0,0,0,0,0,0,0,0,0,0,0,0,0,1,0,0,0,0,0,0,1,0,0,0,0,0,0,0,0,0,0,0,0,0,1,0,0,2,2,0,0,0,0,0,0,0,0,0,0,0,0,0,0,0,0,0,0,0,0,0,0,0,0,0,0.6194580662927647
mol_0051,CC(=O)c1c(C)c([N+](=O)[O-])c(C(C)(C)C)c([N+](=O)[O-])c1C,,2.5937345205193583,2.3939672905752776,-2.2183225092648966,2.439910195563188,-2.1998419212411457,5.994922880233223,-0.39650549120127904,16.633706004676373,9.795627549436384,5.337176812749564,1108.9372211834368,31.696152422706632,27.935668643319232,9.93566864331923,16.79145188432738,13.881634484072112,4.881634484072111,3.7905573109019874,3.7905573109019874,2.4144240397860344,2.4144240397860344,1.6713706409110436,1.6713706409110436,95.78478873332622,25.023173721602966,0.0,0.0,0.0,0.0,0.0,0.0,0.0,0.0,24.673654011063956,294.1215716760005,1.0476190476190477,1.5238095238095237,1.8095238095238095,0.5,-2.31,21,276.163,17925237.02168079,4.344797537967552,5.231746945272314,2.764467714355416,147.10788258273374,12.86150781840514,0.2944811677245609,12.86150781840514,0.2831422882546509,1.9428561980347703,0.2831422882546509,-4.708961522108845,-0.2944811677245609,3.6199400000000033,77.92930000000003,294.3069999999997,0,7,0,0,0,0,1,0,1,0,39,39,0,5,0,7,0,0,1,3,0,0,0,0,0,114,0.0,5.563451491696996,5.783244946364939,0.0,11.374772549367124,0.0,25.023173721602966,0.0,0.0,0.0,20.555676351887037,20.555676351887037,46.77899895555176,9.846622097635342,1.0824229165280197,1,39.314813292771134,17.158017495732064,0.0,0.0,0.0,46.52634317317085,0.0,42.482442504319124,0.0,0.0,27.61904761904762,0.0,11.374772549367124,0.0,0.0,15.629867044000282,5.41499046939678,33.932420772122505,79.12956563110644,0.0,0.0,0.0,0.0,103.35,138.24223816609975,0.0,33.508765943877535,24.53297052154194,-18.550797311980347,-2.4724527588813308,0.0,0.0,-25.84405789399094,0.0,0,0,0,0,0,0,0,0,0,0,1,1,0,0,0,2,0,0,0,0,0,0,0,0,0,0,0,0,0,0,0,0,0,0,1,0,0,0,0,0,0,0,0,0,0,0,0,0,0,0,0,1,1,0,0,0,0,0,2,2,0,0,0,0,0,0,0,0,0,0,0,0,0,0,0,0,0,0,0,0,0,0,0,0,0,0.4807898082802458
mol_0052,Cc1c(C)c([N+](=O)[O-])c(C(C)(C)C)c([N+](=O)[O-])c1C,,2.527988975229197,2.3782065322400783,-2.2157117605159335,2.4355596414403466,-2.186820046483351,5.671356350580473,-0.39653952005838855,16.633665913826388,9.803238405271882,5.299218694788891,1013.0081071275819,30.11880215351701,27.02742035285537,9.02742035285537,15.880768281804421,13.427510338840179,4.42751033884018,3.4614331656700554,3.4614331656700554,2.1873619671700686,2.1873619671700686,1.4443085682950785,1.4443085682950785,90.00154378696129,20.228636537531145,0.0,0.0,0.0,0.0,0.0,0.0,0.0,0.0,24.673654011063956,266.1266570560003,0.8947368421052632,1.3157894736842106,1.5789473684210527,0.5384615384615384,-1.98,19,248.15299999999996,7199065.436275095,3.561658662211786,4.6032664646084855,2.427007520345443,136.58141836829336,12.18941137566137,0.2826766887582048,12.18941137566137,0.2826766887582048,1.8744605064247937,0.25828793789104365,-4.633851095993954,-0.25828793789104365,3.725760000000003,72.66180000000003,266.29699999999985,0,6,0,0,0,0,1,0,1,0,37,37,0,4,0,6,0,0,1,2,0,0,0,0,0,104,0.0,5.563451491696996,0.0,0.0,11.374772549367124,0.0,20.228636537531145,0.0,0.0,0.0,20.555676351887037,26.119127843584035,41.21554746385475,9.846622097635342,0.8629086251653598,1,34.5202761086993,11.374772549367124,0.0,0.0,0.0,46.52634317317085,0.0,42.482442504319124,0.0,0.0,29.473684210526315,0.0,11.374772549367124,0.0,0.0,9.846622097635342,5.41499046939678,40.78431288941818,67.48313632973903,0.0,0.0,0.0,0.0,86.28,138.89020620748295,0.0,20.62990173847315,24.37882275132274,-17.773642290249434,0.0,0.0,0.0,-25.375288407029487,0.0,0,0,0,0,0,0,0,0,0,0,0,0,0,0,0,2,0,0,0,0,0,0,0,0,0,0,0,0,0,0,0,0,0,0,1,0,0,0,0,0,0,0,0,0,0,0,0,0,0,0,0,0,0,0,0,0,0,0,2,2,0,0,0,0,0,0,0,0,0,0,0,0,0,0,0,0,0,0,0,0,0,0,0,0,0,0.6024742555825864
mol_0053,Cc1c([N+](=O)[O-])c(C)c([N+](=O)[O-])c(C(C)(C)C)c1[N+](=O)[O-],,2.5355736591054185,2.4205164010779874,-2.203242945314333,2.464206953017285,-2.1893180746185865,5.724795263300454,-0.4057111977435609,16.638804465766963,9.81105251636401,5.243999514808897,1023.1622025680847,29.196152422706632,24.791130529283052,9.791130529283054,15.580127018922193,12.26626550826027,4.76626550826027,3.692149748505083,3.692149748505083,2.3435429507551033,2.3435429507551033,1.6143827541301334,1.6143827541301334,88.19689750146985,30.342954806296717,0.0,0.0,0.0,0.0,0.0,0.0,0.0,0.0,20.561378342553297,297.0960852000004,0.8095238095238095,1.1904761904761905,1.4285714285714286,0.5,-2.5800000000000005,21,282.147,5597897.532448033,5.00464222823173,5.075467331995931,2.6655305120595663,140.65454047589313,12.046129062736203,0.2893047528485226,12.046129062736203,0.2893047528485226,1.824521447467876,0.25828486922750676,-4.659786470143613,-0.25828486922750676,3.325540000000002,74.57920000000003,297.2669999999997,0,9,0,0,0,0,1,0,1,0,36,36,0,6,0,9,0,0,1,3,0,0,0,0,0,114,0.0,16.690354475090988,0.0,0.0,17.062158824050687,0.0,30.342954806296717,0.0,0.0,0.0,20.555676351887037,13.703784234591359,25.976368811950074,14.769933146453013,1.209566577986546,1,35.33131148900632,17.062158824050687,0.0,0.0,0.0,39.674451055875174,0.0,47.0333092813877,0.0,0.0,24.857142857142858,0.0,17.062158824050687,0.0,0.0,14.769933146453013,5.41499046939678,44.04673904088808,57.807409169531375,0.0,0.0,0.0,0.0,129.42000000000002,114.57509778911565,0.0,30.167545705782302,35.85654372165533,-18.50675359032502,0.0,0.0,0.0,-21.592433626228278,0.0,0,0,0,0,0,0,0,0,0,0,0,0,0,0,0,3,0,0,0,0,0,0,0,0,0,0,0,0,0,0,0,0,0,0,1,0,0,0,0,0,0,0,0,0,0,0,0,0,0,0,0,0,0,0,0,0,0,0,3,3,0,0,0,0,0,0,0,0,0,0,0,0,0,0,0,0,0,0,0,0,0,0,0,0,0,0.6208885983122052
mol_0054,COC(=O)C1=C(C)NC(C)=C(C(=O)OCCN(C)Cc2ccccc2)C1c1cccc([N+](=O)[O-])c1,,3.055443591673545,2.37890709567978,-2.2996310793853856,2.395932797779843,-2.3281208299994978,5.994540271267987,-0.3844840528162483,16.628495921095332,9.800207391314263,2.6765811935515864,2351.553411565557,50.53856921535524,45.79113052928305,16.791130529283052,28.287916675455694,23.128747625061536,8.681534029561575,5.854851746563348,5.854851746563348,3.767319656014878,3.767319656014878,2.4455553412868305,2.4455553412868305,173.9722159128252,21.074151193079437,0.0,0.0,0.0,0.0,0.0,0.0,0.0,9.473725907600098,38.42232309492415,479.2056356480008,1.2,1.9428571428571428,2.6,0.3076923076923077,-3.979999999999999,35,450.30100000000033,1987232488718.0283,7.267744405508993,11.435107574340066,6.127501496692924,244.52765708173314,14.565197378621122,0.4655800563752146,14.565197378621122,0.3362968776036888,0.8496150029331422,0.3362968776036888,-4.890504364554468,-0.4655800563752146,3.677800000000002,130.1241,479.5329999999998,1,9,0,1,1,0,2,0,2,1,64,66,0,8,1,9,1,0,3,9,0,0,0,0,1,184,14.783539260888475,6.558985242916289,1.4118420783282006,0.0,5.687386274683562,11.938610575903699,15.01422799961605,9.589074368143644,0.0,0.0,42.29693095364306,31.806514118267593,55.66325519645327,48.192050039584984,2.3744982599943865,3,63.77919297565584,17.62599685058726,0.0,10.209723084138854,0.0,26.09460160427038,27.06962428639707,98.16327730737945,0.0,0.0,32.714285714285715,5.309813353288376,5.687386274683562,0.0,0.0,48.83145564196892,25.559659960059683,10.114318268765572,69.10588447611465,76.92205605521985,1.4118420783282006,0.0,0.0,111.00999999999999,246.4309372201109,0.0,37.801849717324885,11.269624470614477,-14.564839370063122,-10.204520497313451,-13.913090444904222,0.0,-26.809217410460946,-4.01074368530849,0,0,0,0,0,0,0,0,0,0,2,2,0,0,0,2,1,0,0,1,0,0,0,0,0,0,2,0,0,0,0,0,0,0,2,0,0,0,1,0,2,2,0,0,0,0,0,0,0,0,0,0,0,0,0,1,0,0,1,1,0,0,0,0,0,0,0,0,0,0,0,0,0,0,0,0,0,0,0,0,0,0,0,0,0,0.329448552641207
mol_0055,O=C(Nc1ccc([N+](=O)[O-])cc1Cl)c1cc(Cl)ccc1O,,2.662970807730961,2.1504070037065763,-2.0830080362602876,2.2819271289174528,-2.12122810608817,6.340161590368906,-0.3844193033531541,35.496784110752735,10.15189965205608,2.7748054983842128,1039.3253930478825,22.367360819030935,17.783349298873823,11.295207190910732,13.376891635259254,8.92764341435696,5.828110474411592,3.453367962109638,4.209296908128093,2.092728158012226,2.5552080564943056,1.215929625731751,1.5366728468353692,79.81800552597961,14.908855452837393,0.0,5.309813353288376,0.0,0.0,0.0,0.0,0.0,5.1088081911072125,34.26947285304718,325.9861120960002,1.380952380952381,2.142857142857143,2.8095238095238093,0.0,-2.309999999999999,21,319.059,1286055.1218855903,7.628147036509694,5.986588537145612,3.4188545451590753,140.00305654377658,12.76083727009322,0.5071197044152095,12.76083727009322,0.29313070802271574,0.1252443940539183,0.29313070802271574,-1.4900897581254717,-0.5071197044152095,3.859500000000001,79.17640000000002,327.1229999999999,2,6,0,0,0,1,2,0,2,0,29,30,0,4,2,8,0,0,2,4,0,0,0,0,0,108,10.418621544395588,5.749511833283905,1.4118420783282006,0.0,13.025765661267702,0.0,14.908855452837393,0.0,0.0,0.0,23.20187978046503,24.16967483065318,17.107470729067916,29.42133346596087,2.1745989337347718,2,24.463049839346223,40.48383205918366,1.4311996572326342,0.0,0.0,0.0,5.309813353288376,61.97754863392498,0.0,5.749511833283905,15.333333333333334,5.309813353288376,11.374772549367124,5.749511833283905,23.20187978046503,17.370498626509026,0.0,10.114318268765572,18.582540012790137,36.25451224597977,11.457108705810853,0.0,0.0,92.47,61.330293883730064,11.568512355266051,22.6505770876011,13.52791089733661,-2.8526953392059813,-2.3573040018476514,-5.47840599399131,0.0,0.0,0.0,0,0,0,0,0,0,0,1,0,0,1,1,0,0,0,1,1,0,0,0,0,0,0,0,0,0,0,1,0,1,0,0,0,0,2,0,0,0,0,0,0,0,0,0,2,0,0,0,0,0,0,0,0,0,0,0,0,0,1,1,0,0,0,0,0,1,1,0,0,0,0,0,0,0,0,0,0,0,0,0,0,0,0,0,0,0.6611804498474478
mol_0056,COC(=O)C1=C(C)NC(C)=C(C(=O)OC)C1c1ccccc1[N+](=O)[O-],,2.7553775579334316,2.3989473054912964,-2.292680669769605,2.4181837426654353,-2.3186520584714554,5.99715253700952,-0.3852077115023228,16.628607386263525,9.794652381537611,3.542998779654025,1387.455083929363,33.99711733102786,29.843916933783095,11.843916933783095,18.996464791128304,14.957927231811597,6.010713636311638,4.193772679572436,4.193772679572436,2.8911365760606587,2.8911365760606587,1.9586796182576394,1.9586796182576394,113.80618209901331,21.074151193079437,0.0,0.0,0.0,0.0,0.0,0.0,0.0,9.473725907600098,23.34397897705172,346.11648629600046,1.24,1.8,2.28,0.29411764705882354,-3.1599999999999997,25,328.19500000000005,209655311.7158861,5.686913158634396,7.163418786222467,3.232043293699175,169.16122736042993,13.335891872952883,0.4655800306723669,13.335891872952883,0.33597830173148835,0.6423270975056687,0.33597830173148835,-4.213819444444444,-0.4655800306723669,2.1756,88.40510000000003,346.3389999999997,1,8,0,1,1,0,1,0,1,0,43,44,0,7,1,8,1,0,2,4,0,0,0,0,0,132,14.783539260888475,0.0,1.4118420783282006,0.0,5.687386274683562,11.938610575903699,10.114318268765572,9.589074368143644,0.0,0.0,18.127256122989884,13.703784234591359,32.595258718663494,49.7469682737867,1.629509622247095,2,48.700848857783384,17.62599685058726,0.0,5.309813353288376,0.0,19.597741919954437,14.075904917765177,62.38773227736595,0.0,0.0,29.04,5.309813353288376,5.687386274683562,0.0,0.0,30.937826542486548,19.06280027574374,10.114318268765572,48.46408886654521,46.70996251690338,1.4118420783282006,0.0,0.0,107.77000000000001,148.5186339968086,0.0,37.23756275195262,11.492902730536656,-11.497966742252455,-9.095560752078608,-5.961213073192239,0.0,-7.847162934618297,-7.597195977156298,0,0,0,0,0,0,0,0,0,0,2,2,0,0,0,1,1,0,0,0,0,0,0,0,0,0,2,0,0,0,0,0,0,0,1,0,0,0,1,0,2,2,0,0,0,0,0,0,0,0,0,0,0,0,0,2,0,0,1,1,0,0,0,0,1,0,0,0,0,0,0,0,0,0,0,0,0,0,0,0,0,0,0,0,0,0.5055052971214055
mol_0057,O=C1CN=C(c2ccccc2)c2cc([N+](=O)[O-])ccc2N1,,2.776108087495028,2.202496936881153,-2.0920583084754933,2.264338453003421,-2.1297336526474346,6.189423967783974,-0.38443519481447247,16.62824585707715,9.998957657993971,2.6462929917925058,1232.6483701311256,24.444711088220565,21.066385657891466,10.066385657891464,14.645346712594128,10.884520101151896,5.437306505651938,3.6934929393684373,3.6934929393684373,2.412386770315004,2.412386770315004,1.571720256699368,1.571720256699368,93.88006065932329,14.908855452837393,0.0,5.309813353288376,0.0,0.0,0.0,0.0,0.0,4.992404732635669,15.1194276400304,281.0800412120003,1.3333333333333333,2.0952380952380953,2.8095238095238093,0.06666666666666667,-3.02,21,270.183,5483840.6327950535,5.40134891166587,5.162909038431587,2.507711912885824,135.34990714131757,12.476792380532459,0.3238334332450522,12.476792380532459,0.26975709004006415,0.17730017006802745,0.26975709004006415,-3.268997425359033,-0.3238334332450522,2.3842999999999996,78.67410000000002,281.2709999999998,1,6,0,1,1,1,2,0,2,0,32,34,0,4,1,6,1,0,3,2,0,0,0,0,0,104,5.309813353288376,6.496859684315945,1.4118420783282006,5.907179729351506,5.687386274683562,0.0,19.901260185473063,0.0,0.0,0.0,30.212093538316473,6.042418707663295,23.21174039872058,30.02996788797413,1.3279368150363016,3,24.83727587291989,22.99363728148933,0.0,0.0,4.992404732635669,0.0,11.80667303760432,69.58057091346592,0.0,0.0,24.0,5.309813353288376,11.374772549367124,0.0,0.0,23.039035465255825,4.794537184071822,10.114318268765572,24.83448854509619,53.33175439394203,1.4118420783282006,0.0,0.0,84.6,87.42293307059201,0.0,26.260327912035386,11.274403298362758,-4.711599636768286,-1.6784538506760727,-7.715280034853449,0.0,-3.268997425359033,0.0,0,0,0,0,0,0,0,0,0,0,1,1,0,0,1,2,1,0,0,0,0,0,0,0,0,0,0,1,0,1,0,0,0,0,2,1,1,0,0,0,0,0,0,0,0,0,0,0,0,0,0,0,0,0,0,0,0,0,1,1,0,0,0,0,0,0,0,0,0,0,0,0,0,0,0,0,0,0,0,0,0,0,0,0,0,0.6771088741597445
mol_0058,O=[N+]([O-])c1ccc(Oc2ccc(Cl)cc2Cl)cc1,,2.554987790312304,2.0680392528495783,-2.067976594836413,2.315123455945113,-1.8846807817036422,6.350554724212133,-0.3844491896768252,35.496835232710794,10.27408198515173,2.741458382395714,864.5476360098602,19.212660280651686,15.427887412910001,9.93974530494691,11.500682875346945,7.874967932893179,5.130896878911635,2.8689914189240833,3.6249203649425383,1.6801839491690442,2.135300097159318,0.9600111900576308,1.3304264069099105,74.45191857119477,10.114318268765572,0.0,0.0,0.0,0.0,0.0,0.0,0.0,0.0,37.53405262745664,282.9802984440002,1.1666666666666667,1.8333333333333333,2.4444444444444446,0.0,-1.7799999999999994,18,277.04200000000003,206443.01345723416,6.40518793798384,5.246450354273821,2.9107310820554115,122.69634423250565,10.894386602921957,0.45580027796083034,10.894386602921957,0.2691959767268575,0.3975884263510523,0.2691959767268575,-1.0560234219355187,-0.45580027796083034,4.693900000000002,69.63240000000002,284.0979999999999,0,4,0,0,0,0,2,0,2,0,25,26,0,3,0,6,0,0,2,3,0,0,0,0,0,92,4.736862953800049,11.49902366656781,0.0,0.0,5.687386274683562,0.0,10.114318268765572,0.0,0.0,0.0,23.20187978046503,30.212093538316473,17.107470729067916,19.541254255750534,1.8669166959125403,2,19.255483895809256,28.889266055148596,0.0,0.0,0.0,0.0,0.0,62.45651584989128,0.0,11.49902366656781,15.555555555555555,4.736862953800049,5.687386274683562,11.49902366656781,23.20187978046503,4.923311048817671,0.0,10.114318268765572,9.59530989319154,42.29693095364306,10.045266627482652,0.0,0.0,52.370000000000005,58.994425225826134,11.554680479408711,9.838363180986438,10.025700030522362,-1.0296193415637858,-1.2982942806752322,-5.36303307228241,0.0,0.0,0.0,0,0,0,0,0,0,0,0,0,0,0,0,0,0,0,1,0,0,0,0,0,0,0,0,0,0,0,0,0,0,0,0,0,0,2,0,0,0,0,0,0,1,0,0,2,0,0,0,0,0,0,0,0,0,0,0,0,0,1,1,0,0,0,0,0,0,0,0,0,0,0,0,0,0,0,0,0,0,0,0,0,0,0,0,0,0.6062690853537354
mol_0059,O=[N+]([O-])c1ccc(O)c(Cl)c1,,2.155278611894285,2.0687569629890934,-1.937190749246369,2.26244285763969,-1.8583073355057944,6.317084916598147,-0.3844420495165595,35.49569118001942,10.289365696639246,3.6628018257037738,409.87056283839553,11.74855866551393,9.049922939900775,5.805851885919229,6.9127900201215,4.390109841620498,2.859826024165862,1.6238229645715723,2.0017874375808,0.9045066130688404,1.1706405245545,0.4540942441573716,0.5908430751461042,39.51009859351635,10.114318268765572,0.0,0.0,0.0,0.0,0.0,0.0,0.0,5.1088081911072125,17.14441521597581,172.987970668,1.8181818181818181,2.5454545454545454,3.090909090909091,0.0,-1.29,11,169.523,1638.0117450396567,3.919048429992749,2.7545585087790707,1.588952172998747,72.88843107987293,10.482555114638448,0.5063865911644622,10.482555114638448,0.2931742094331633,0.516018518518518,0.2931742094331633,-0.9699281934996211,-0.5063865911644622,1.9537999999999995,39.771200000000015,173.55500000000004,1,4,0,0,0,0,1,0,1,0,15,15,0,3,1,5,0,0,1,2,0,0,0,0,0,58,5.1088081911072125,5.749511833283905,0.0,0.0,7.118585931916196,0.0,10.114318268765572,0.0,0.0,0.0,11.600939890232516,6.042418707663295,12.08483741532659,14.058220031069656,0.9813861999230714,1,14.144394908435542,17.28832616491608,1.4311996572326342,0.0,0.0,0.0,0.0,33.26420770549679,0.0,5.749511833283905,14.272727272727273,0.0,5.687386274683562,5.749511833283905,11.600939890232516,11.463318897157517,0.0,10.114318268765572,4.1122756685106605,18.127256122989884,5.022633313741326,0.0,0.0,63.370000000000005,28.32123992189468,5.479552469135801,9.512626921138827,13.90664241622575,-0.8696296296296293,-0.5303086419753085,-2.209012345679012,0.0,0.0,0.0,0,0,0,0,0,0,0,1,0,0,0,0,0,0,0,1,0,0,0,0,0,0,0,0,0,0,0,0,0,0,0,0,0,0,1,0,0,0,0,0,0,0,0,0,1,0,0,0,0,0,0,0,0,0,0,0,0,0,1,1,0,0,0,0,0,1,1,0,0,0,0,0,0,0,0,0,0,0,0,0,0,0,0,0,0,0.5215943500384042
mol_0060,CC(C)OC(=O)c1cc(C(=O)OC(C)C)cc([N+](=O)[O-])c1,,2.630298344875275,2.2019281843989,-2.1026905493756325,2.1940174912750825,-2.1498078598201045,5.961385801855095,-0.3844827318062891,16.628682998648554,10.09615702125528,3.977198728564921,1041.2603411913226,30.61036598507973,26.89670333828314,9.896703338283137,16.565055246441652,13.313500040811679,4.81350004081168,3.1680039756613527,3.1680039756613527,1.7171454263551391,1.7171454263551391,1.0384221155897138,1.0384221155897138,91.37107152887148,19.703392636909218,0.0,0.0,0.0,0.0,0.0,0.0,0.0,9.473725907600098,23.302895454893736,295.10558726400046,1.1428571428571428,1.5714285714285714,1.9047619047619047,0.42857142857142855,-2.44,21,278.155,16876330.85890791,4.525884748096026,6.826357599070982,4.865582462494574,145.43854891912363,12.724796981292513,0.45937211988562776,12.724796981292513,0.33815915234319777,1.5410775699168577,0.33815915234319777,-4.065572366170989,-0.45937211988562776,2.725200000000001,74.19940000000003,295.29099999999966,0,7,0,0,0,0,1,0,1,0,38,38,0,6,0,7,0,0,1,5,0,0,0,0,0,114,9.473725907600098,0.0,0.0,0.0,5.687386274683562,11.938610575903699,10.114318268765572,9.589074368143644,0.0,0.0,0.0,33.449987176846015,28.533940089369224,35.064042866962744,1.4712051306040361,1,47.289006779455185,17.62599685058726,0.0,0.0,0.0,39.567604523082686,0.0,39.368477375149446,0.0,0.0,25.80952380952381,0.0,5.687386274683562,0.0,0.0,29.021957678621344,9.473725907600098,10.114318268765572,71.4264412756141,18.127256122989884,0.0,0.0,0.0,95.74000000000001,134.5989236390914,0.0,35.385581065759624,11.477064673091455,-5.1918131141345425,-4.6607786911060725,-5.055561381960192,-8.131144732341976,-15.588938125066381,0.0,0,0,0,0,0,0,0,0,0,0,2,2,0,0,0,1,0,0,0,0,0,0,0,0,0,0,0,0,0,0,0,0,0,0,1,0,0,0,0,0,2,2,0,0,0,0,0,0,0,0,0,0,0,0,0,0,0,0,1,1,0,0,0,0,0,0,0,0,0,0,0,0,0,0,0,0,0,0,0,0,0,0,0,0,0,0.4705281199425117
mol_0061,O=[N+]([O-])c1ccc(O)c2ncccc12,,2.385060209840061,2.1323193058427816,-1.9927377906562547,2.293288843487993,-1.8981480180063153,5.913569527147699,-0.38261385189992575,16.628331228955897,10.150776354628698,3.1737355148170177,750.7659089153565,15.187716254269356,12.619172062391506,6.619172062391506,9.306636870238851,6.398341200615842,3.4900929101519798,2.382054323566917,2.382054323566917,1.576796799284733,1.576796799284733,0.9996600134113639,0.9996600134113639,57.60570413033413,10.114318268765572,0.0,0.0,0.0,0.0,0.0,0.0,0.0,10.092786712054421,8.284992438083735,190.037842052,1.5714285714285714,2.4285714285714284,3.142857142857143,0.0,-2.17,14,184.10999999999996,22960.97464013027,3.9132808517611113,2.951446071553371,1.1487515559686323,87.29641836600857,11.031366213151928,0.505657473516488,11.031366213151928,0.2932141283983915,0.4178703703703699,0.2932141283983915,-0.9591156462585029,-0.505657473516488,1.8485999999999996,50.062200000000026,190.15800000000002,1,5,0,0,0,0,1,1,2,0,20,21,0,4,1,5,1,0,2,2,0,0,0,0,0,70,5.1088081911072125,11.266212550900168,0.0,0.0,7.118585931916196,0.0,15.09829678971278,0.0,0.0,0.0,0.0,18.127256122989884,12.215313918478056,17.163328044133564,0.8249883854868115,2,16.885912020775983,16.59031120676462,1.4311996572326342,4.9839785209472085,0.0,0.0,0.0,40.456888310233516,0.0,5.749511833283905,16.0,0.0,5.687386274683562,5.749511833283905,0.0,16.44729741810473,0.0,10.114318268765572,6.853792780851101,30.34257004146794,0.0,10.902924932081056,0.0,76.26,44.52559240362812,0.0,13.63044501133787,14.697757936507937,-1.2819444444444437,-0.5577777777777773,-2.881877362055932,-0.632195767195767,0.0,0.0,0,0,0,0,0,1,0,1,0,0,0,0,0,0,0,2,0,0,0,0,0,0,0,0,0,0,0,0,0,0,0,0,0,0,1,0,1,0,0,0,0,0,0,0,0,0,0,0,0,0,0,0,0,0,0,0,0,0,1,1,0,0,0,0,0,1,1,0,0,0,0,0,0,1,0,0,0,0,0,0,0,0,0,0,0,0.5494668589074613
mol_0062,Cc1c(O)cc([N+](=O)[O-])cc1[N+](=O)[O-],,2.2523814368615374,2.2011281503202667,-1.9917793363445524,2.3115064459266885,-1.9486185351233936,5.552863699711847,-0.3941587273190123,16.633481026965455,10.142267767059414,4.031019872771044,600.5943732097868,15.825908934703554,12.435668643319232,6.435668643319231,9.034798488049645,6.039882774535974,3.1316344840721113,2.165557310901987,2.165557310901987,1.2977499777815336,1.2977499777815336,0.7116957139355558,0.7116957139355558,51.471087504605634,20.228636537531145,0.0,0.0,0.0,0.0,0.0,0.0,0.0,5.1088081911072125,8.284992438083735,198.027671292,1.5,2.2142857142857144,2.642857142857143,0.14285714285714285,-2.18,14,192.08599999999998,11962.397811171624,4.35769267686215,3.2857524238519376,1.6044979462832727,86.41302369022328,10.878484504913075,0.5071519832849581,10.878484504913075,0.2931203387320038,1.1394444444444438,0.2931203387320038,-3.1810364701436136,-0.5071519832849581,1.5170199999999998,46.15260000000001,198.13400000000004,1,7,0,0,0,0,1,0,1,0,20,20,0,5,1,7,0,0,1,3,0,0,0,0,0,74,5.1088081911072125,5.749511833283905,0.0,0.0,12.805972206599758,0.0,20.228636537531145,0.0,0.0,0.0,0.0,6.851892117295679,4.1122756685106605,30.236428116999363,1.022735662528689,1,21.809223069593653,11.374772549367124,1.4311996572326342,0.0,0.0,6.851892117295679,0.0,37.87692544455473,0.0,5.749511833283905,16.571428571428573,0.0,11.374772549367124,5.749511833283905,0.0,16.38662994597519,0.0,27.080528654826825,12.417244272548094,12.08483741532659,0.0,0.0,0.0,106.51000000000002,42.89669217687075,0.0,19.07137707860922,25.460143140589565,-3.8611111111111107,-1.1394444444444438,-2.496620370370369,0.0,-3.1810364701436136,0.0,0,0,0,0,0,0,0,1,0,0,0,0,0,0,0,2,0,0,0,0,0,0,0,0,0,0,0,0,0,0,0,0,0,0,1,0,0,0,0,0,0,0,0,0,0,0,0,0,0,0,0,0,0,0,0,0,0,0,2,2,0,0,0,0,0,1,1,0,0,0,0,0,0,0,0,0,0,0,0,0,0,0,0,0,0,0.5720654169940127
mol_0063,Nc1ccc([N+](=O)[O-])cc1N,,2.208906217251207,2.050832133303929,-1.9668452353287962,2.201192439819075,-1.9557149830537282,5.660063987036944,-0.38436880797602535,16.628220121120783,10.233348513405444,3.8208391630393534,506.6895601089832,14.196152422706632,12.1581373674276,5.1581373674276,8.196152422706634,5.82482314691988,2.5359687649200477,1.6779301783349856,1.6779301783349856,0.9429843824600241,0.9429843824600241,0.47149219123001207,0.47149219123001207,40.11272599585824,10.114318268765572,0.0,11.439433951452546,0.0,0.0,0.0,0.0,0.0,0.0,9.759643981823464,153.053826464,1.5454545454545454,2.272727272727273,2.8181818181818183,0.0,-1.78,11,146.08499999999998,5469.251793913989,2.3679517911089967,2.4517901863265905,1.3728506132569882,72.83118026615023,10.684691987906273,0.39705565111576696,10.684691987906273,0.2711390924473851,0.15917422524565428,0.2711390924473851,-1.071708238851096,-0.39705565111576696,0.7592000000000001,41.9212,153.14100000000005,4,5,0,0,0,0,1,0,1,0,18,18,0,4,2,5,0,0,1,3,0,0,0,0,0,58,11.439433951452546,0.0,5.6473683133128025,0.0,5.687386274683562,0.0,10.114318268765572,0.0,0.0,0.0,0.0,6.042418707663295,12.08483741532659,20.410359266695455,0.527792814830501,1,14.682955030641134,17.062158824050687,0.0,0.0,0.0,0.0,11.439433951452546,28.241574391755456,0.0,0.0,17.636363636363637,11.439433951452546,17.062158824050687,0.0,0.0,4.923311048817671,0.0,10.114318268765572,4.1122756685106605,18.127256122989884,5.6473683133128025,0.0,0.0,95.17999999999999,50.320479969765685,0.0,9.612983749055177,10.684691987906273,-2.870748299319727,0.0,-2.7474074074074073,0.0,0.0,0.0,0,0,0,2,0,0,0,0,0,0,0,0,0,0,0,1,0,2,0,0,0,0,0,0,0,0,0,0,0,2,0,0,0,0,1,0,0,0,0,0,0,0,0,0,0,0,0,0,0,0,0,0,0,0,0,0,0,0,1,1,0,0,0,0,0,0,0,0,0,0,0,0,0,0,0,0,0,0,0,0,0,0,0,0,0,0.35337020873087255
mol_0064,Cc1ccc([N+](=O)[O-])cc1S(=O)(=O)Cl,,2.1842535488126584,2.1707432714625776,-1.9992031816232314,2.236736688646264,-1.9647123041035746,8.133889257446064,-0.38462444019333414,35.73294335624672,10.206695752648264,4.130015464731622,700.4927684637179,16.04145188432738,12.3664195208285,7.938845047774682,8.797434948471087,6.030515997947446,5.3398577547747115,2.1226886091283914,4.625471657619849,1.1912890352817065,2.4480219863113044,0.6539053581281719,1.514521027089177,55.099601356823044,18.53211525309451,0.0,0.0,0.0,0.0,0.0,0.0,0.0,0.0,18.906940596910808,234.970606352,1.6428571428571428,2.2857142857142856,2.7142857142857144,0.14285714285714285,-1.1399999999999997,14,229.6,8953.255296583087,5.0854216760434925,3.5463847536988524,2.209445736781263,93.31161181926431,11.387822499370117,0.2702968483372703,11.387822499370117,0.2702968483372703,1.1572299382716051,0.25830903578731784,-4.825624999999998,-0.25830903578731784,1.83072,50.87220000000002,235.64800000000005,0,5,0,0,0,0,1,0,1,0,20,20,0,4,0,7,0,0,1,2,0,0,0,0,0,76,0.0,0.0,0.0,0.0,14.73820710050504,0.0,10.114318268765572,8.417796984328938,0.0,0.0,6.042418707663295,12.415343608992675,26.879502343726738,13.931070192846104,1.2882044212893076,1,21.565659370167925,25.420596360394526,0.0,0.0,0.0,11.747375592813455,0.0,33.80502588345245,0.0,0.0,18.357142857142858,0.0,5.687386274683562,0.0,10.682389259889488,13.341108033146607,9.050820825821477,16.966210386061253,13.788002828718314,23.02273959850766,0.0,0.0,0.0,77.28,66.48204554043839,0.0,8.159281620055431,10.738664965986395,-2.4626620370370365,0.0,-3.6534799382716043,0.0,-3.1715225812547247,0.1854502078609226,0,0,0,0,0,0,0,0,0,0,0,0,0,0,0,1,0,0,0,0,0,0,0,0,0,0,0,0,0,0,0,0,0,0,1,0,0,0,0,0,0,0,0,0,1,0,0,0,0,0,0,0,0,0,0,0,0,0,1,1,0,0,0,0,0,0,0,0,0,0,0,0,0,0,0,0,0,0,0,0,0,0,0,0,0,0.4451244544220216
mol_0065,CCOP(=O)(OCC)Oc1ccc([N+](=O)[O-])cc1,,2.5331818201874787,2.2686811419219226,-2.1619418000337314,2.4880690303417787,-2.018822023855797,7.4846913158584005,-0.38444935765090904,31.204925656348287,10.2950142442297,3.724128488926005,897.7905057345871,25.662772227887025,22.343916933783095,9.23834412478301,13.973450191901321,10.931424348456106,5.39201783513655,2.360039747551432,3.802189496056515,1.2894240397860348,2.3253928047060817,0.7108718723092431,1.3611759596017177,75.17433583099444,14.679366553696902,0.0,0.0,0.0,0.0,0.0,0.0,0.0,13.571241485135452,19.190619786383078,275.0558737980004,1.3888888888888888,1.9444444444444444,2.388888888888889,0.4,-1.4299999999999997,18,261.085,1408195.7738422195,4.298420077410458,6.488504317488898,4.103531684094625,124.10398066492826,12.983369708994704,0.5295433350972406,12.983369708994704,0.5295433350972406,1.280124654085693,0.4040065837771281,-6.056147250566891,-0.4040065837771281,3.154700000000002,64.58290000000002,275.1969999999997,0,7,0,0,0,0,1,0,1,0,32,32,0,6,0,8,0,0,1,7,0,0,0,0,0,100,4.5237471617118175,5.749511833283905,0.0,0.0,5.687386274683562,7.822697123132171,19.161812592189207,4.565048284931329,0.0,0.0,0.0,25.78862164991795,20.309388752347907,29.007349984012006,1.549462068369929,1,42.25022060526755,13.510083397815734,0.0,0.0,0.0,13.703784234591359,13.117970485832577,34.28399309941875,0.0,5.749511833283905,25.555555555555557,4.5237471617118175,5.687386274683562,5.749511833283905,7.822697123132171,18.04128153465025,13.612542608354964,10.114318268765572,32.894404020974434,24.16967483065318,0.0,0.0,0.0,87.9,128.20198682328507,0.0,9.68918740818565,10.969312062271342,-1.3336464632149163,-1.4475768455530365,-5.436614858906524,0.0,-15.280945319945147,-6.056147250566891,0,0,0,0,0,0,0,0,0,0,0,0,0,0,0,1,0,0,0,0,0,0,0,0,0,0,0,0,0,0,0,0,0,0,1,0,0,0,0,0,0,0,0,0,0,0,0,0,0,0,0,0,0,0,0,0,0,0,1,1,0,0,0,0,0,0,0,1,1,0,0,0,0,0,0,0,0,0,0,0,0,0,0,0,0,0.4311769103145355
mol_0066,COP(=S)(OC)Oc1ccc([N+](=O)[O-])cc1,,2.3654990338435504,2.181934133437471,-2.172703391648942,2.47670969071036,-1.9654420137604367,8.072796075353885,-0.3844482945026618,32.45299101479681,10.29501535502862,3.537414762571032,731.1501563360382,20.662772227887025,17.343916933783095,9.054840705710737,11.473450191901321,8.431424348456106,5.987462950146882,2.1559156023195003,4.939706137324455,1.198136946868507,2.7223519192034353,0.5990684734342535,1.2493725607267283,61.32439613756667,10.114318268765572,0.0,0.0,0.0,0.0,0.0,0.0,0.0,20.85435041206228,18.231332723414017,263.00173005000016,1.4375,2.0,2.4375,0.25,-1.01,16,253.13099999999994,115672.90275494961,4.697908453497446,5.358104006513232,3.2447931861980153,111.58453186420167,10.865147521238114,0.42413301881627685,10.865147521238114,0.3795194858735578,1.0394135802469135,0.3795194858735578,-4.684897250566895,-0.42413301881627685,2.4909,62.027400000000014,263.21099999999984,0,6,0,0,0,0,1,0,1,0,26,26,0,6,0,8,0,0,1,5,0,0,0,0,0,88,13.571241485135452,5.749511833283905,0.0,0.0,5.687386274683562,6.718607232363179,10.114318268765572,0.0,0.0,0.0,0.0,12.08483741532659,37.967598421730415,18.63089661051987,1.5732426316823154,1,32.20213809565532,24.212849595685388,0.0,0.0,0.0,0.0,14.075904917765177,34.28399309941875,0.0,5.749511833283905,21.75,4.5237471617118175,5.687386274683562,5.749511833283905,6.718607232363179,18.99921596658285,20.85435041206228,10.114318268765572,13.7075855617022,24.16967483065318,0.0,0.0,0.0,70.83,86.06991001022386,4.6717520681111955,9.71086653106427,10.865147521238114,-1.1582118449231544,-1.0394135802469135,-4.406433295540438,0.0,-4.684897250566895,-6.556497937137821,0,0,0,0,0,0,0,0,0,0,0,0,0,0,0,1,0,0,0,0,0,0,0,0,0,0,0,0,0,0,0,0,0,0,1,0,0,0,0,0,0,0,0,0,0,0,0,0,0,0,0,0,0,0,0,0,0,0,1,1,0,0,0,0,0,0,0,0,0,0,0,0,0,0,0,0,0,0,0,0,0,0,0,0,0,0.46146313248853016
mol_0067,CC(C)c1cc([N+](=O)[O-])cc([N+](=O)[O-])c1O,,2.4180207487630883,2.2419701463633883,-2.0730200972378556,2.3729654806137637,-1.9767774225411248,5.581268119319235,-0.39442627337702246,16.634079453626896,10.003064359707775,4.337325536784399,759.8708313230574,20.825908934703556,17.435668643319232,7.435668643319231,11.534798488049645,8.539882774535975,3.6316344840721113,2.5405573109019874,2.5405573109019874,1.5374918248028029,1.5374918248028029,0.8896091563885022,0.8896091563885022,64.2169373072644,20.228636537531145,0.0,0.0,0.0,0.0,0.0,0.0,0.0,5.1088081911072125,13.768026662764614,226.05897142,1.5,2.1875,2.625,0.3333333333333333,-2.18,16,216.10799999999998,135815.38941652514,4.003138159763861,4.13201156059763,2.07567580118811,104.76278991968772,11.162067271352985,0.5018876601350256,11.162067271352985,0.31736948047871477,1.4222751322751308,0.31736948047871477,-3.7810648148148154,-0.5018876601350256,2.332000000000001,55.50460000000002,226.18800000000007,1,7,0,0,0,0,1,0,1,0,26,26,0,5,1,7,0,0,1,4,0,0,0,0,0,86,5.1088081911072125,0.0,5.749511833283905,0.0,7.118585931916196,5.687386274683562,20.228636537531145,0.0,0.0,0.0,13.703784234591359,5.893957685363079,21.201180092551827,18.630557917639074,1.033813322175862,1,27.29225729427453,11.374772549367124,1.4311996572326342,0.0,0.0,19.597741919954437,0.0,37.87692544455473,0.0,5.749511833283905,21.5,0.0,11.374772549367124,5.749511833283905,0.0,16.38662994597519,0.0,20.228636537531145,37.498020417183426,12.08483741532659,0.0,0.0,0.0,106.51,74.24694397203326,0.0,19.419198790627366,26.16686649659864,-4.747824074074074,-5.283055555555556,-3.037468820861678,0.0,-7.514660808767953,0.0,0,0,0,0,0,0,0,1,0,0,0,0,0,0,0,2,0,0,0,0,0,0,0,0,0,0,0,0,0,0,0,0,0,0,1,0,0,0,0,0,0,0,0,0,0,0,0,0,0,0,0,0,0,0,0,0,0,0,2,2,0,0,0,0,0,1,1,0,0,0,0,0,0,0,0,0,0,0,0,0,0,0,0,0,0,0.628190395762306
mol_0068,O=[N+]([O-])c1ccc(Nc2ccc(O)cc2)c([N+](=O)[O-])c1,,2.623955574892314,2.1889880059661584,-2.065659136632812,2.310820294409526,-1.9821036086687611,5.7136638359048755,-0.3931713152464098,16.63342661793977,10.193831564063826,2.971870167886669,1035.5177063854821,22.36736081903094,18.38288223881919,9.382882238819189,13.376891635259257,9.184309965535892,4.82884807957207,3.224574305276935,3.224574305276935,1.938030837536014,1.938030837536014,1.1466436466893828,1.1466436466893828,80.64260998329655,20.228636537531145,0.0,5.309813353288376,0.0,0.0,0.0,0.0,0.0,5.1088081911072125,12.438351628752375,275.05422038800026,1.15,1.85,2.4,0.0,-3.16,20,266.14799999999997,1210535.6649208202,5.865262026337006,5.224418522175042,2.8038834877907117,124.9280060982405,11.416647553317826,0.5079643158733046,11.416647553317826,0.29903721414565965,0.07465797430083176,0.29903721414565965,-1.3977969629209708,-0.5079643158733046,2.9522000000000004,71.14030000000001,275.2199999999998,2,8,0,0,0,0,2,0,2,0,29,30,0,6,2,8,0,0,2,5,0,0,0,0,0,102,10.418621544395588,11.436898107967467,1.4118420783282006,0.0,12.805972206599758,0.0,20.228636537531145,0.0,0.0,0.0,0.0,30.212093538316473,11.729804982346856,25.484350698490175,1.5321291783902486,2,25.96258226026229,22.74954509873425,1.4311996572326342,0.0,0.0,0.0,5.309813353288376,62.52556749117421,0.0,5.749511833283905,16.1,5.309813353288376,22.74954509873425,5.749511833283905,0.0,16.38662994597519,0.0,20.228636537531145,9.59530989319154,42.29693095364306,1.4118420783282006,0.0,0.0,118.54000000000002,69.25128859406956,0.0,19.913047629792068,26.407649219280017,-4.775247015740792,-0.7881414098901474,-7.5085970175107075,0.0,0.0,0.0,0,0,0,0,0,0,0,1,0,0,0,0,0,0,0,2,1,0,0,0,0,0,0,0,0,0,0,0,0,2,0,0,0,0,2,0,0,0,0,0,0,0,0,0,0,0,0,0,0,0,0,0,0,0,0,0,0,0,2,2,0,0,0,0,0,1,1,0,0,0,0,0,0,0,0,0,0,0,0,0,0,0,0,0,0,0.5026447751149442
mol_0069,O=[N+]([O-])c1ccc(OP(=O)(OCCCl)OCCCl)cc1,,2.5331818201874787,2.2804040544690847,-2.1703288658053297,2.4904217853066744,-2.0571108600845442,7.484843169558758,-0.3844493393907457,35.496753968098986,10.295014232746516,3.7241284889260045,906.0739246347396,25.662772227887025,21.09984587980155,11.506130962838373,13.973450191901321,10.309388821465333,6.525911254164232,2.5490219840560457,4.369136205570355,1.366575714767081,2.5568478296492203,0.7453751502763611,1.671705461305778,73.13476504315048,14.679366553696902,0.0,0.0,0.0,0.0,0.0,0.0,0.0,13.571241485135452,39.650982454507684,342.97792909400033,1.25,1.75,2.15,0.4,-0.8500000000000001,20,331.9910000000001,1408195.7738422195,6.501385750613841,8.439736728732967,5.644849654067117,141.900572118356,13.032752425044091,0.5296454509376228,13.032752425044091,0.5296454509376228,1.2654322757569516,0.4040055108874389,-5.985036139455781,-0.4040055108874389,3.592500000000002,74.67490000000002,344.0869999999999,0,7,0,0,0,0,1,0,1,0,32,32,0,6,0,10,0,0,1,9,0,0,0,0,0,112,4.5237471617118175,5.749511833283905,0.0,0.0,5.687386274683562,7.822697123132171,19.161812592189207,4.565048284931329,0.0,23.20187978046503,0.0,12.08483741532659,29.232085086754886,29.007349984012006,2.7434992053558394,1,39.508703492927104,36.71196317828077,0.0,0.0,0.0,0.0,24.782183932579997,34.28399309941875,0.0,5.749511833283905,22.9,4.5237471617118175,5.687386274683562,5.749511833283905,31.0245769035972,29.705494981397667,13.612542608354964,10.114318268765572,16.44910267404264,24.16967483065318,0.0,0.0,0.0,87.9,115.13054477396679,10.323624898446775,9.716225465526737,10.981657741283689,-1.315868685437137,-8.371003820197092,-5.337163555751519,0.0,-7.61520290060469,-5.985036139455781,0,0,0,0,0,0,0,0,0,0,0,0,0,0,0,1,0,0,0,0,0,0,0,0,0,2,0,0,0,0,0,0,0,0,1,0,0,0,0,0,0,0,0,0,2,0,0,0,0,0,0,0,0,0,0,0,0,0,1,1,0,0,0,0,0,0,0,1,1,0,0,0,0,0,0,0,0,0,0,0,0,0,0,0,0,0.29438982787027507
mol_0070,O=[N+]([O-])c1cc([N+](=O)[O-])c(O)c([N+](=O)[O-])c1,,2.2534224424233766,2.2949065193138933,-1.973502928764331,2.3840180600506176,-1.9692588459960356,5.641809383474405,-0.40404820314755907,16.640078606031345,10.2032373981612,3.989623647358217,563.2260745419045,14.903259203893182,10.199378819746915,7.199378819746916,8.734157225167417,4.878637943956064,3.470389653492201,2.396273893737014,2.396273893737014,1.4514819196636286,1.4514819196636286,0.8296330126230437,0.8296330126230437,49.6664412191142,30.342954806296717,0.0,0.0,0.0,0.0,0.0,0.0,0.0,5.1088081911072125,4.172716769573075,228.997099436,1.0625,1.5,1.75,0.0,-2.7800000000000007,16,226.07999999999998,9221.004634396457,7.503643064460461,3.762656887002614,1.842487219526061,90.48614579782306,10.678223733938019,0.4973069307112213,10.678223733938019,0.3244239918763463,1.2957407407407404,0.3244239918763463,-1.4125925925925922,-0.4973069307112213,1.1167999999999996,48.07,229.104,1,10,0,0,0,0,1,0,1,0,19,19,0,7,1,10,0,0,1,4,0,0,0,0,0,84,5.1088081911072125,0.0,0.0,0.0,12.868097765200101,11.374772549367124,30.342954806296717,0.0,0.0,0.0,0.0,0.0,0.0,29.59628767412004,1.764602140881347,1,22.620258449900664,17.062158824050687,1.4311996572326342,0.0,0.0,0.0,0.0,42.42779222162331,0.0,5.749511833283905,12.125,0.0,17.062158824050687,5.749511833283905,0.0,21.30994099479286,0.0,30.342954806296717,2.7415171123404405,12.08483741532659,0.0,0.0,0.0,149.65,21.01934807256236,0.0,28.004475623582767,35.680528155706725,-4.228703703703702,-1.2957407407407404,-2.6799074074074065,0.0,0.0,0.0,0,0,0,0,0,0,0,1,0,0,0,0,0,0,0,3,0,0,0,0,0,0,0,0,0,0,0,0,0,0,0,0,0,0,1,0,0,0,0,0,0,0,0,0,0,0,0,0,0,0,0,0,0,0,0,0,0,0,3,3,0,0,0,0,0,1,1,0,0,0,0,0,0,0,0,0,0,0,0,0,0,0,0,0,0,0.60162696436169
mol_0071,O=[N+]([O-])c1ccc(-c2ccccc2)cc1,,2.5186946472513783,2.03639986222335,-1.9937430559194882,2.210653422493899,-1.8639666772553798,5.639409044204864,-0.3844305076592064,16.628208824993575,10.060447088579942,3.035152919056203,839.0631033684695,18.505553499465137,16.263710176427686,7.263710176427685,11.017519627752552,8.33875516942009,3.83875516942009,2.4807165828350275,2.4807165828350275,1.544377584710045,1.544377584710045,0.8971887923550225,0.8971887923550225,76.11936867586488,10.114318268765572,0.0,0.0,0.0,0.0,0.0,0.0,0.0,0.0,12.33682700553198,199.063328528,0.9333333333333333,1.4666666666666666,2.0,0.0,-2.1599999999999993,15,190.13699999999997,126438.47129201918,3.4504538999696353,3.9196606578585556,2.0171091392279625,99.78620754957106,10.921627607067723,0.26896557487675987,10.921627607067723,0.26896557487675987,0.5343537414965984,0.25830963367908794,-1.0630200722264216,-0.25830963367908794,3.261800000000001,58.53240000000003,199.20900000000006,0,3,0,0,0,0,2,0,2,0,24,25,0,2,0,3,0,0,2,2,0,0,0,0,0,74,0.0,0.0,0.0,0.0,5.687386274683562,0.0,10.114318268765572,0.0,0.0,0.0,30.212093538316473,23.21174039872058,12.08483741532659,17.26013805434965,0.90164056023104,2,17.26013805434965,5.687386274683562,0.0,0.0,0.0,0.0,0.0,64.49608663773523,0.0,11.126902983393991,18.266666666666666,0.0,5.687386274683562,0.0,0.0,4.923311048817671,0.0,10.114318268765572,12.33682700553198,54.38176836896965,0.0,11.126902983393991,0.0,43.14,69.48888585834293,0.0,9.858607534841301,10.921627607067723,-2.151282648862014,0.0,-7.1178383513899375,0.0,0.0,0.0,0,0,0,0,0,0,0,0,0,0,0,0,0,0,0,1,0,0,0,0,0,0,0,0,0,0,0,0,0,0,0,0,0,0,2,0,0,0,0,0,0,0,0,0,0,0,0,0,0,0,0,0,0,0,0,0,0,0,1,1,0,0,0,0,0,0,0,0,0,0,0,0,0,0,0,0,0,0,0,0,0,0,0,0,0,0.5499294237699656
mol_0072,O=C(NCc1cccnc1)Nc1ccc([N+](=O)[O-])cc1,,2.6869133531409877,2.0558603447982042,-2.0676689416969682,2.1460527441969965,-2.2765126838890986,5.887628623007445,-0.38442892592238315,16.62823612703092,10.258391045942055,2.598026645558008,1115.111959702053,24.86736081903094,21.51359925339142,9.51359925339142,14.566067016249157,10.778947292151813,4.884520101151896,3.03271795967,3.03271795967,1.71898507087751,1.71898507087751,0.9540151583868844,0.9540151583868844,93.60943866072185,14.908855452837393,0.0,0.0,0.0,0.0,0.0,0.0,0.0,4.9839785209472085,16.5312697183586,272.0909402440003,1.45,2.2,2.9,0.07692307692307693,-2.96,20,260.16799999999995,3933856.102066657,4.858234364832686,6.278141644126123,3.770735183689084,131.32801099155077,12.57084120685311,0.3337324892502395,12.57084120685311,0.3190035368174718,0.3924277210884357,0.3190035368174718,-3.3613122401738487,-0.3337324892502395,2.3115000000000006,73.19180000000001,272.2639999999997,2,7,0,0,0,2,1,1,2,0,32,33,0,4,2,7,1,0,2,4,0,0,0,0,0,102,10.619626706576751,0.0,2.8236841566564013,0.0,5.687386274683562,6.031114512338072,15.09829678971278,4.794537184071822,0.0,0.0,6.042418707663295,23.69070761468688,36.61487379595562,18.63089661051987,1.5250341741390356,2,26.24911795124809,17.405887061705197,0.0,10.293791874235584,0.0,6.496859684315945,5.309813353288376,64.27807242807185,0.0,0.0,19.0,10.619626706576751,16.169309733438947,0.0,0.0,15.938404082102952,6.496859684315945,10.114318268765572,19.271037053399194,48.60030266760929,2.8236841566564013,0.0,0.0,97.16,92.70648917498468,0.0,25.620055893209127,10.043116775007594,-3.3703261822238497,0.0,-8.541928850983892,-1.8460945698198028,-3.3613122401738487,0.0,0,0,0,0,0,1,0,0,0,0,1,1,0,0,0,2,2,0,0,0,0,0,0,0,0,0,0,2,0,1,0,0,0,0,1,0,0,0,0,0,0,0,0,0,0,0,0,0,0,0,0,0,0,0,0,0,0,0,1,1,0,0,0,0,0,0,0,0,0,0,0,0,0,1,0,0,0,0,0,0,0,0,0,0,1,0.6588151540610357
mol_0073,O=[N+]([O-])c1ccc(OCC2CO2)cc1,,2.9325226237190196,2.2253245847904553,-2.019072285334251,2.1842960781308207,-2.032638786880945,5.3545684954290245,-0.38445135772610783,16.62893596082498,10.2873372004968,2.523152390841144,679.7473803579746,17.95566544670048,15.58020675735541,6.580206757355411,10.266343410714773,7.905251750347816,3.405251750347816,2.1722131637627533,2.1722131637627533,1.2213546144565404,1.2213546144565404,0.601312937586954,0.601312937586954,59.727872500220876,10.114318268765572,0.0,0.0,0.0,0.0,0.0,0.0,0.0,9.473725907600098,12.33682700553198,195.053157768,1.8571428571428572,2.5,3.0,0.3333333333333333,-1.62,14,186.10199999999998,74368.77373751433,3.2009950637338167,3.6294929318308555,2.198845276353792,93.04519899218138,10.782385728223797,0.49078738690134155,10.782385728223797,0.26919521018299486,0.9782175925925924,0.26919521018299486,-3.169530659486017,-0.49078738690134155,1.3723999999999998,48.33140000000002,195.17400000000006,0,5,0,1,1,0,1,0,1,1,23,24,0,4,0,5,1,0,2,4,0,1,1,0,1,74,9.473725907600098,18.388515103150183,0.0,0.0,5.687386274683562,0.0,10.114318268765572,0.0,0.0,0.0,0.0,12.08483741532659,12.08483741532659,23.819123297265936,0.8298563541890962,2,26.733863961949744,5.687386274683562,0.0,0.0,0.0,6.080018026949988,13.117970485832577,34.28399309941875,0.0,5.749511833283905,38.142857142857146,4.736862953800049,5.687386274683562,5.749511833283905,0.0,24.121299561600235,4.736862953800049,10.114318268765572,12.33682700553198,24.16967483065318,0.0,0.0,0.0,64.9,76.1533242803039,0.0,9.665105045117222,10.782385728223797,-1.1050928156756525,-0.9782175925925924,-4.153810468631897,-2.7727818326404634,-5.840912344104309,0.0,0,0,0,0,0,0,0,0,0,0,0,0,0,0,0,1,0,0,0,0,0,0,0,0,0,0,0,0,0,0,0,0,0,0,1,0,0,0,0,1,0,2,0,0,0,0,0,0,0,0,0,0,0,0,0,0,0,0,1,1,0,0,0,0,0,0,0,0,0,0,0,0,0,0,0,0,0,0,0,0,0,0,0,0,0,0.4131837139031544
mol_0074,Nc1ccc([N+](=O)[O-])cc1[N+](=O)[O-],,2.208906217251207,2.1622579234831445,-1.9512089517059015,2.2531310105086755,-1.966731583296092,5.61668538966146,-0.3931637877074087,16.633352668974464,10.229439560886206,3.880599091757012,548.7595744765468,14.196152422706632,10.974633948355326,5.974633948355327,8.196152422706634,5.295544327590075,2.901117136590159,1.9350399634200341,1.9350399634200341,1.1255585682950795,1.1255585682950795,0.6036041131939262,0.6036041131939262,45.036037044675915,20.228636537531145,0.0,5.719716975726273,0.0,0.0,0.0,0.0,0.0,0.0,6.935959825167062,183.02800564,1.3846153846153846,2.076923076923077,2.5384615384615383,0.0,-2.18,13,178.08299999999997,5469.251793913989,4.169051673296776,3.052359620957006,1.6954530023794976,79.21821102682502,10.71044595616024,0.39316032444048493,10.71044595616024,0.2984773997123301,0.319174225245654,0.2984773997123301,-1.2150925925925924,-0.39316032444048493,1.0852,44.163199999999996,183.12300000000002,2,7,0,0,0,0,1,0,1,0,18,18,0,5,1,7,0,0,1,3,0,0,0,0,0,68,5.719716975726273,5.687386274683562,2.8236841566564013,0.0,11.374772549367124,0.0,20.228636537531145,0.0,0.0,0.0,0.0,6.042418707663295,6.042418707663295,20.001316473809293,0.9788803834811014,1,16.782581922802404,17.062158824050687,0.0,0.0,0.0,0.0,5.719716975726273,38.35589266052103,0.0,0.0,14.615384615384615,5.719716975726273,17.062158824050687,0.0,0.0,9.846622097635342,0.0,20.228636537531145,4.1122756685106605,18.127256122989884,2.8236841566564013,0.0,0.0,112.30000000000001,35.709520030234316,0.0,18.93448223733938,21.313505291005292,-3.688989040060468,0.0,-3.2685185185185173,0.0,0.0,0.0,0,0,0,1,0,0,0,0,0,0,0,0,0,0,0,2,0,1,0,0,0,0,0,0,0,0,0,0,0,1,0,0,0,0,1,0,0,0,0,0,0,0,0,0,0,0,0,0,0,0,0,0,0,0,0,0,0,0,2,2,0,0,0,0,0,0,0,0,0,0,0,0,0,0,0,0,0,0,0,0,0,0,0,0,0,0.4184019522317551
mol_0075,O=[N+]([O-])c1cc(C(F)(F)F)cc([N+](=O)[O-])c1Cl,,2.115202251278112,2.3653487475864363,-2.064213957407477,2.3983109042099566,-2.0702489929344092,6.343267990321032,-0.39383368115441864,35.495691814707804,10.143201705404534,3.965581034932341,551.6808977366401,15.118802153517008,9.539278244892277,8.295207190910732,8.496793685588859,4.683439284858634,4.061403757867861,2.648174471217303,3.0261389442265307,1.5512350679021685,1.9092481553524858,0.8832680765863886,1.1157723067071665,50.068615385210855,33.3998816805556,0.0,0.0,0.0,0.0,0.0,0.0,0.0,0.0,14.342457002572955,269.96551888400006,1.1764705882352942,1.5294117647058822,1.7647058823529411,0.14285714285714285,-1.9,17,268.534,6561.357383464704,10.266512773160972,4.166080129474354,2.6144311748838027,98.71211011488916,12.599794028722599,0.41641349107708225,12.599794028722599,0.41641349107708225,1.2796296296296295,0.25825928036574164,-5.325123456790124,-0.25825928036574164,3.1752000000000002,49.762800000000006,270.54999999999995,0,6,0,0,0,0,1,0,1,0,19,19,0,4,0,10,0,0,1,2,0,0,0,0,0,92,0.0,0.0,5.022633313741326,0.0,11.374772549367124,6.176298517443475,20.228636537531145,0.0,13.171245143024459,0.0,11.600939890232516,0.0,12.08483741532659,18.151590701672777,2.5159479331329746,1,25.75938435300024,22.97571243959964,0.0,0.0,0.0,6.176298517443475,0.0,42.89955875829605,0.0,0.0,12.941176470588236,0.0,24.546017692391583,0.0,11.600939890232516,9.846622097635342,6.176298517443475,20.228636537531145,8.304968604037436,12.08483741532659,5.022633313741326,0.0,0.0,86.28,51.925792705971276,5.240701058201057,18.239368858654572,19.83603552532124,-5.191033950617284,0.0,-3.364629629629629,-5.325123456790124,0.0,0.0,0,0,0,0,0,0,0,0,0,0,0,0,0,0,0,2,0,0,0,0,0,0,0,0,0,3,0,0,0,0,0,0,0,0,1,0,0,0,0,0,0,0,0,0,4,0,0,0,0,0,0,0,0,0,0,0,0,0,2,2,0,0,0,0,0,0,0,0,0,0,0,0,0,0,0,0,0,0,0,0,0,0,0,0,0,0.6098084004242358
mol_0076,COc1ccc([N+](=O)[O-])cc1,,2.198478748741359,2.0201295187182833,-1.9576248012559803,2.156331439975537,-1.8720925181313486,5.352672219386863,-0.38444999212142494,16.62829362926635,10.291991439137224,3.5366185733170643,483.7361724510842,14.248558665513928,12.171958466891546,5.171958466891547,8.059236629528225,5.997003459883953,2.4970034598839526,1.536902800682925,1.536902800682925,0.8735017299419767,0.8735017299419767,0.4367508649709883,0.4367508649709883,47.567836446320904,10.114318268765572,0.0,0.0,0.0,0.0,0.0,0.0,0.0,4.736862953800049,9.59530989319154,153.042593084,1.6363636363636365,2.272727272727273,2.727272727272727,0.14285714285714285,-1.58,11,146.081,4704.744522306508,2.4770158195124625,3.005223044230256,1.6689819002348796,73.39765968707492,10.59053158068783,0.49675973475200186,10.59053158068783,0.2691952053150494,0.8374074074074069,0.2691952053150494,-2.97161399281935,-0.49675973475200186,1.6033999999999997,39.64840000000002,153.13700000000006,0,4,0,0,0,0,1,0,1,0,18,18,0,3,0,4,0,0,1,2,0,0,0,0,0,58,4.736862953800049,5.749511833283905,0.0,0.0,5.687386274683562,0.0,10.114318268765572,0.0,0.0,0.0,0.0,12.08483741532659,12.08483741532659,21.556573400891796,0.6767259110656132,1,19.255483895809256,5.687386274683562,0.0,0.0,0.0,0.0,7.037952458882589,34.28399309941875,0.0,5.749511833283905,19.454545454545453,4.736862953800049,5.687386274683562,5.749511833283905,0.0,11.96126350770026,0.0,10.114318268765572,9.59530989319154,24.16967483065318,0.0,0.0,0.0,52.370000000000005,54.19657171201814,0.0,9.52095344387755,10.59053158068783,-1.0251001511715796,-0.8374074074074069,-3.7239351851851845,0.0,0.0,-2.97161399281935,0,0,0,0,0,0,0,0,0,0,0,0,0,0,0,1,0,0,0,0,0,0,0,0,0,0,0,0,0,0,0,0,0,0,1,0,0,0,0,0,0,1,0,0,0,0,0,0,0,0,0,0,0,0,0,1,0,0,1,1,0,0,0,0,0,0,0,0,0,0,0,0,0,0,0,0,0,0,0,0,0,0,0,0,0,0.4786228959968398
mol_0077,O=Cc1ccc([N+](=O)[O-])cc1,,2.140020892483553,2.01559225063275,-1.8902113863947398,2.0946218467047837,-1.8706269873450596,5.745643105615278,-0.38443976828701987,16.62821332916704,10.206479347332763,3.7667964233064803,427.2810446129117,12.618802153517006,10.171958466891546,5.171958466891547,7.285468820183674,5.042879314652021,2.542879314652021,1.5827786554509935,1.5827786554509935,0.8964396573260109,0.8964396573260109,0.4482198286630054,0.4482198286630054,46.60603580818265,14.908855452837393,0.0,0.0,0.0,0.0,0.0,0.0,0.0,0.0,6.853792780851101,151.02694302,1.5454545454545454,2.090909090909091,2.4545454545454546,0.0,-1.71,11,146.081,2268.422146032566,3.126513566573834,2.916794426263587,1.6061694598688268,69.6356955572762,10.762781557067271,0.29789634093335254,10.762781557067271,0.26896874002293986,0.763333333333333,0.26896874002293986,-1.4102796674225246,-0.29789634093335254,1.4073,38.48390000000001,151.12100000000004,0,4,0,0,0,0,1,0,1,0,16,16,0,3,0,4,0,0,1,2,0,0,0,0,0,56,0.0,7.632970718501461,0.0,0.0,5.687386274683562,0.0,14.908855452837393,0.0,0.0,0.0,0.0,12.08483741532659,17.648288907023584,10.406345273498552,0.8290361222381861,1,16.571641013740592,11.949598437014803,0.0,0.0,0.0,0.0,0.0,39.847444591115746,0.0,0.0,15.454545454545455,0.0,5.687386274683562,0.0,0.0,11.185523211148912,0.0,10.114318268765572,17.211781456619917,24.16967483065318,0.0,0.0,0.0,60.209999999999994,35.737428193499625,0.0,20.20146164021164,10.495278722600151,-1.7633333333333328,0.0,-3.5938888888888876,-1.4102796674225246,0.0,0.0,0,0,0,0,0,0,0,0,0,0,1,1,0,0,0,1,0,0,0,0,0,0,0,1,0,0,0,0,0,0,0,0,0,0,1,0,0,0,0,0,0,0,0,0,0,0,0,0,0,0,0,0,0,0,0,0,0,0,1,1,0,0,0,0,0,0,0,0,0,0,0,0,0,0,0,0,0,0,0,0,0,0,0,0,0,0.36439360856037717
mol_0078,CCOc1ccc([N+](=O)[O-])cc1,,2.3028001833935297,2.0252745167435178,-1.9980098592820315,2.162418372735492,-1.9156114820077397,5.35360172057155,-0.3844513695096831,16.628306218522248,10.289989705068601,3.5109711095008382,568.6311646084163,16.74855866551393,14.671958466891546,5.671958466891547,9.309236629528225,7.247003459883953,2.7470034598839526,1.6389648732988908,1.6389648732988908,0.9245327662499595,0.9245327662499595,0.4877819012789712,0.4877819012789712,53.94076134765029,10.114318268765572,0.0,0.0,0.0,0.0,0.0,0.0,0.0,4.736862953800049,12.33682700553198,167.058243148,1.75,2.4166666666666665,2.9166666666666665,0.25,-1.58,12,158.09199999999998,16534.105316765545,2.451721149165129,3.7082589546487332,1.9496253118476012,82.57254280180715,10.696827876984127,0.493881279489443,10.696827876984127,0.26919521000091573,1.0030324074074073,0.26919521000091573,-3.2841139928193517,-0.493881279489443,1.9935,44.26540000000002,167.16400000000007,0,4,0,0,0,0,1,0,1,0,21,21,0,3,0,4,0,0,1,3,0,0,0,0,0,64,4.736862953800049,5.749511833283905,0.0,0.0,5.687386274683562,0.0,10.114318268765572,0.0,0.0,0.0,0.0,18.93672953262227,16.197113083837248,19.706847628755277,0.7576347421411062,1,21.997001008149695,5.687386274683562,0.0,0.0,0.0,6.851892117295679,6.558985242916289,34.28399309941875,0.0,5.749511833283905,22.5,4.736862953800049,5.687386274683562,5.749511833283905,0.0,11.48229629173396,0.0,10.114318268765572,19.188719122827656,24.16967483065318,0.0,0.0,0.0,52.370000000000005,69.55167485512723,0.0,9.574732379062736,10.696827876984127,-1.1048195389266813,-1.0030324074074073,-4.179320672713528,0.0,-6.536062492126483,0.0,0,0,0,0,0,0,0,0,0,0,0,0,0,0,0,1,0,0,0,0,0,0,0,0,0,0,0,0,0,0,0,0,0,0,1,0,0,0,0,0,0,1,0,0,0,0,0,0,0,0,0,0,0,0,0,0,0,0,1,1,0,0,0,0,0,0,0,0,0,0,0,0,0,0,0,0,0,0,0,0,0,0,0,0,0,0.5105963347137601
mol_0079,O=Cc1cc([N+](=O)[O-])ccc1O,,2.214052007889905,2.080801109116797,-1.94705751193071,2.2016112206888403,-1.8921090204211486,5.798203864940846,-0.38446273254139884,16.628259481702806,10.176107910351831,3.8203849251783355,517.7208972128352,13.325908934703556,10.58020675735541,5.580206757355411,7.823473622644459,5.155251750347816,2.7470034598839526,1.786902800682925,1.786902800682925,1.0495327662499596,1.0495327662499596,0.548035048023069,0.548035048023069,46.313128933803256,14.908855452837393,0.0,0.0,0.0,0.0,0.0,0.0,0.0,5.1088081911072125,6.914233881913515,167.02185764,1.8333333333333333,2.5833333333333335,3.0833333333333335,0.0,-1.91,12,162.07999999999998,3910.015845933572,3.6613433118979954,2.99667013888714,1.3923770826050499,74.51659956759943,10.900445956160242,0.5072010622773735,10.900445956160242,0.29312865827747836,0.8003703703703697,0.29312865827747836,-1.4918055555555554,-0.5072010622773735,1.1129,40.14870000000001,167.12000000000003,1,5,0,0,0,0,1,0,1,0,17,17,0,4,1,5,0,0,1,3,0,0,0,0,0,62,5.1088081911072125,7.1202703894541255,6.262212162331241,0.0,7.118585931916196,0.0,14.908855452837393,0.0,0.0,0.0,0.0,6.042418707663295,12.08483741532659,14.599038209025325,0.9143198475815723,1,20.309690648677584,11.949598437014803,1.4311996572326342,0.0,0.0,0.0,0.0,33.80502588345245,0.0,5.749511833283905,14.833333333333334,0.0,5.687386274683562,5.749511833283905,0.0,17.72553105948876,0.0,10.114318268765572,15.841022900449696,18.127256122989884,0.0,0.0,0.0,80.44,35.32465513983371,0.0,20.397345993953138,14.48415627362056,-1.9313888888888888,-0.8003703703703697,-2.815925925925926,-1.4918055555555554,0.0,0.0,0,0,0,0,0,0,0,1,0,0,1,1,0,0,0,1,0,0,0,0,0,0,0,1,0,0,0,0,0,0,0,0,0,0,1,0,0,0,0,0,0,0,0,0,0,0,0,0,0,0,0,0,0,0,0,0,0,0,1,1,0,0,0,0,0,1,1,0,0,0,0,0,0,0,0,0,0,0,0,0,0,0,0,0,0,0.40610773289088026
mol_0080,COc1ccc(N)c([N+](=O)[O-])c1,,2.262083901808111,2.1088113457922035,-1.9979890469087862,2.2527022110975077,-1.9539360533237697,5.600069434669281,-0.38350830676609726,16.628628006487517,10.243553591629892,3.700310365455419,558.227086521872,15.825908934703554,13.619172062391506,5.619172062391505,8.969920232051185,6.615037448633849,2.720610257633932,1.7605095984329042,1.7605095984329042,1.0353051288169661,1.0353051288169661,0.5562991666842514,0.5562991666842514,47.21280401334118,10.114318268765572,0.0,5.719716975726273,0.0,0.0,0.0,0.0,0.0,4.736862953800049,11.048235493677723,168.053492116,1.9166666666666667,2.75,3.3333333333333335,0.14285714285714285,-1.7800000000000002,12,160.088,11319.467844647786,2.617073938362807,3.08088411757375,1.4450401647869138,80.25863414873214,10.879876228269085,0.49649900691959153,10.879876228269085,0.29530793076472345,0.2820781368102798,0.29530793076472345,-3.060474537037037,-0.49649900691959153,1.1855999999999998,44.06080000000001,168.15200000000007,2,5,0,0,0,0,1,0,1,0,20,20,0,4,1,5,0,0,1,3,0,0,0,0,0,64,10.456579929526322,11.436898107967467,2.8236841566564013,0.0,5.687386274683562,0.0,10.114318268765572,0.0,0.0,0.0,0.0,12.08483741532659,0.0,26.22823355238487,0.6719084609348464,1,20.708409496295435,11.374772549367124,0.0,0.0,0.0,0.0,12.75766943460886,28.241574391755456,0.0,5.749511833283905,19.666666666666668,10.456579929526322,11.374772549367124,5.749511833283905,0.0,11.96126350770026,0.0,10.114318268765572,8.224551337021321,18.127256122989884,2.8236841566564013,0.0,0.0,78.39,61.441434948979584,0.0,9.738610166288737,10.879876228269085,-2.3393542139077854,-0.9654629629629625,-2.9446296296296293,0.0,0.0,-3.060474537037037,0,0,0,1,0,0,0,0,0,0,0,0,0,0,0,1,0,1,0,0,0,0,0,0,0,0,0,0,0,1,0,0,0,0,1,0,0,0,0,0,0,1,0,0,0,0,0,0,0,0,0,0,0,0,0,1,0,0,1,1,0,0,0,0,0,0,0,0,0,0,0,0,0,0,0,0,0,0,0,0,0,0,0,0,0,0.4083069985344588
mol_0081,Nc1ccc(/C=C/c2ccc([N+](=O)[O-])cc2S(=O)(=O)O)c(S(=O)(=O)O)c1,,2.811824930875439,2.192650789541234,-2.055262376153447,2.2566672676192825,-2.0293090894680095,7.857713930684757,-0.3846244477131939,32.241217197085696,10.113718646864418,3.310223462938342,1612.1269373826456,29.651817869407108,23.976910095638548,13.609903257494,17.293540509691447,11.681534029561575,8.787106838561659,4.270819961512734,6.903813123368185,2.5248672014329303,4.137239637128725,1.526827147175229,2.674300457940654,111.53057996445864,26.949912237423447,0.0,0.0,0.0,0.0,0.0,0.0,0.0,9.11006133991374,16.65215192048343,400.0035073440002,1.0769230769230769,1.6153846153846154,2.1153846153846154,0.0,-2.8000000000000003,26,388.2940000000001,53204929.56828543,8.725228167638347,6.837509936679366,4.427861837390715,164.9280167445086,12.416719342466093,0.39869216916228273,12.416719342466093,0.2948705117758,0.4329051261429995,0.2948705117758,-5.519377862989648,-0.39869216916228273,1.8408000000000004,92.50800000000001,400.3899999999999,4,10,0,0,0,0,2,0,2,0,38,39,0,9,3,12,0,0,2,8,0,0,0,0,0,138,5.719716975726273,9.79096695103555,2.8236841566564013,2.8623993144652684,25.923639992750672,0.0,19.224379608679314,0.0,16.835593968657875,0.0,18.146562199734426,29.254159106383874,17.77222369001015,15.88937949817943,2.2945705498469957,2,44.65871896340747,43.715169759505365,2.8623993144652684,0.0,0.0,9.79096695103555,5.719716975726273,57.49573349813933,0.0,0.0,19.384615384615383,5.719716975726273,11.374772549367124,0.0,0.0,30.868966357389287,20.236253718067108,10.114318268765572,22.09297143275575,46.04547919701532,2.8236841566564013,14.9665428065364,0.0,177.89999999999998,148.8906031068727,0.0,6.591801700473791,11.297825529043338,-5.954285941095242,0.0,-11.698575262520068,0.0,0.0,-10.960702466107854,0,0,0,1,0,0,0,0,0,0,0,0,0,0,0,1,0,1,0,0,0,0,0,0,0,0,0,0,0,1,0,0,0,0,2,0,0,0,0,0,0,0,0,0,0,0,0,0,0,0,0,0,0,0,0,0,0,0,1,1,0,0,0,0,0,0,0,0,0,0,0,0,0,0,0,0,0,0,0,0,0,0,0,0,0,0.22187481411126764
mol_0082,CCC(C)c1cc([N+](=O)[O-])cc([N+](=O)[O-])c1OC(=O)C=C(C)C,,2.6809226402148156,2.283784904007214,-2.1391178351181153,2.3990355123296285,-2.1025362018075593,5.855989954794277,-0.39431056616938714,16.636629265097394,9.959302292243478,4.604080532269376,1292.0381348249005,33.05795974227243,28.843916933783095,10.843916933783095,17.884657471562505,14.289882774535975,5.289882774535974,3.555076862083218,3.555076862083218,2.084313673009384,2.084313673009384,1.271752777824465,1.271752777824465,101.88812800724182,25.023173721602966,0.0,0.0,0.0,0.0,0.0,0.0,0.0,4.736862953800049,24.673654011063956,322.1164862960005,1.5217391304347827,2.260869565217391,2.782608695652174,0.4,-2.77,23,304.17300000000006,57907371.396730855,5.118537096906954,7.4798862057491355,4.599647526908249,157.896766894453,12.785668107520785,0.41565705375515055,12.785668107520785,0.3358346548222604,1.6579411170906484,0.3358346548222604,-4.468297902494335,-0.41565705375515055,3.888100000000003,83.52280000000005,322.3169999999997,0,8,0,0,0,0,1,0,1,1,41,41,0,6,0,8,0,0,1,6,0,0,0,0,1,124,4.736862953800049,0.0,0.0,5.749511833283905,5.687386274683562,11.656691562635412,20.228636537531145,4.794537184071822,0.0,0.0,19.276888764660626,25.970666821283817,38.21932028794917,20.001316473809293,1.6646119575986762,1,44.0516762465712,17.344077837318974,0.0,0.0,0.0,39.674451055875174,0.0,49.50210172065956,0.0,5.749511833283905,27.130434782608695,4.736862953800049,11.374772549367124,5.749511833283905,0.0,15.815927385587191,4.794537184071822,20.228636537531145,69.91155655863615,23.71001369143142,0.0,0.0,0.0,112.58000000000001,141.8936859927307,0.0,32.868569102195764,23.483406595892617,-8.042600387377174,-9.031609504913082,-5.91551160819266,-4.393192318594103,-15.862747871742057,0.0,0,0,0,0,0,0,0,0,0,0,1,1,0,0,0,2,0,0,0,0,0,0,0,0,0,0,1,0,0,0,0,0,0,0,1,0,0,0,0,0,1,1,0,0,0,0,0,0,0,0,0,0,0,0,0,0,0,0,2,2,0,0,0,0,0,0,0,0,0,0,0,0,0,0,0,0,0,0,0,0,0,0,0,0,0,0.2580067406735524
mol_0083,COP(=S)(OC)Oc1ccc([N+](=O)[O-])c(Cl)c1,,2.3654990338435504,2.201047967703318,-2.175533717701849,2.483590979972802,-1.9709082021284003,8.072802300034562,-0.38430960236349293,35.495692187547135,10.288607594313989,3.537414762571032,735.8401122719309,20.662772227887025,16.72188140679232,10.188734124738419,11.473450191901321,8.120406584960719,6.554409659660723,2.344897838824114,5.506652846838296,1.3348857778572396,3.1325984121696333,0.7001052292727861,1.5524828282423262,60.3046107436447,10.114318268765572,0.0,0.0,0.0,0.0,0.0,0.0,0.0,20.85435041206228,28.46151405747631,296.96275769800025,1.588235294117647,2.235294117647059,2.764705882352941,0.25,-0.7200000000000001,17,288.584,115672.90275494961,5.947671446883512,5.7492847273886705,3.6210187390889312,120.48282759091553,10.90070307679367,0.42407660393933166,10.90070307679367,0.37952032360998256,0.8932246787603921,0.37952032360998256,-4.660205892542202,-0.42407660393933166,3.144300000000001,67.0374,297.65599999999984,0,6,0,0,0,0,1,0,1,0,26,26,0,6,0,9,0,0,1,5,0,0,0,0,0,94,13.571241485135452,10.772145147025231,0.0,0.0,5.687386274683562,6.718607232363179,10.114318268765572,0.0,0.0,0.0,11.600939890232516,6.042418707663295,37.967598421730415,17.26013805434965,2.011462153711356,1,30.8313795394851,35.8137894859179,0.0,0.0,0.0,0.0,14.075904917765177,33.26420770549679,0.0,5.749511833283905,20.41176470588235,4.5237471617118175,5.687386274683562,5.749511833283905,18.319547122595694,18.99921596658285,20.85435041206228,10.114318268765572,12.33682700553198,18.127256122989884,5.022633313741326,0.0,0.0,70.83,78.78968354154998,10.317534092340638,9.80197764217538,10.007478398033278,-1.059446412824389,-0.9838580246913577,-3.101109851347945,0.0,-4.660205892542202,-6.528720159360043,0,0,0,0,0,0,0,0,0,0,0,0,0,0,0,1,0,0,0,0,0,0,0,0,0,0,0,0,0,0,0,0,0,0,1,0,0,0,0,0,0,0,0,0,1,0,0,0,0,0,0,0,0,0,0,0,0,0,1,1,0,0,0,0,0,0,0,0,0,0,0,0,0,0,0,0,0,0,0,0,0,0,0,0,0,0.47218600872750705
mol_0084,Nc1c(Cl)cc([N+](=O)[O-])cc1Cl,,2.140020892483553,2.110976626945482,-1.9905063086902621,2.31226811031573,-1.9187542348400624,6.386729441048209,-0.3844088070893646,35.4968348963169,10.267176837866907,3.6978735709757977,439.32713685934266,12.618802153517006,9.466852717946097,6.978710609983006,7.285468820183674,4.584753631179211,3.4462553861977505,1.8322878535942337,2.588216799612689,1.0546786455624997,1.6016739695174305,0.5451964656383926,0.9615512704730009,38.42818764099403,10.114318268765572,0.0,5.719716975726273,0.0,0.0,0.0,0.0,0.0,0.0,28.76708104946187,205.964982728,1.5833333333333333,2.0833333333333335,2.4166666666666665,0.0,-1.0,12,202.98399999999998,2268.422146032566,4.888888888888889,3.1640625,1.5955678670360112,83.76679725792076,10.569108717561098,0.3963048006582596,10.569108717561098,0.2720652825090146,0.004436885865457096,0.2720652825090146,-0.9539304610733175,-0.3963048006582596,2.4838000000000005,47.528800000000004,207.01600000000002,2,4,0,0,0,0,1,0,1,0,16,16,0,3,1,6,0,0,1,2,0,0,0,0,0,64,5.719716975726273,0.0,2.8236841566564013,0.0,5.687386274683562,0.0,10.114318268765572,0.0,0.0,0.0,23.20187978046503,0.0,12.08483741532659,23.397481063324324,1.2890625000000002,1,10.488512317814513,34.57665232983216,0.0,0.0,0.0,0.0,5.719716975726273,32.244422311574816,0.0,0.0,14.166666666666666,5.719716975726273,11.374772549367124,0.0,23.20187978046503,4.923311048817671,0.0,10.114318268765572,2.7415171123404405,12.08483741532659,12.868950784139054,0.0,0.0,69.16,28.635905769715293,11.146604938271603,9.61517825648778,9.564849458301842,-1.2691433610481218,0.0,-1.4711728395061718,0.0,0.0,0.0,0,0,0,1,0,0,0,0,0,0,0,0,0,0,0,1,0,1,0,0,0,0,0,0,0,0,0,0,0,1,0,0,0,0,1,0,0,0,0,0,0,0,0,0,2,0,0,0,0,0,0,0,0,0,0,0,0,0,1,1,0,0,0,0,0,0,0,0,0,0,0,0,0,0,0,0,0,0,0,0,0,0,0,0,0,0.43642666972218
mol_0085,CC(=O)c1ccccc1[N+](=O)[O-],,2.277797226811923,2.142741423942008,-1.9545017846997477,2.168265173683152,-1.984047587464113,5.97412297476648,-0.384648715800134,16.628376382642372,10.114106341066698,3.819289719495152,580.9308977366402,15.118802153517008,12.671958466891548,5.671958466891548,8.49679368558886,6.292879314652022,2.792879314652022,1.8098407280669593,1.8098407280669593,1.0773413567635057,1.0773413567635057,0.6071359980698986,0.6071359980698986,52.97896070951202,14.908855452837393,0.0,0.0,0.0,0.0,0.0,0.0,0.0,0.0,9.59530989319154,165.042593084,1.6666666666666667,2.3333333333333335,2.9166666666666665,0.125,-1.71,12,158.09199999999998,7698.9546266243,2.9706864560966406,3.126513566573834,1.47373568837786,78.8105786720084,11.61322373393802,0.29423318212838817,11.61322373393802,0.27965955408648646,0.8998148148148146,0.27965955408648646,-3.2331509826152693,-0.29423318212838817,1.7974,43.10090000000002,165.14800000000005,0,4,0,0,0,0,1,0,1,0,19,19,0,3,0,4,0,0,1,2,0,0,0,0,0,62,0.0,0.0,5.783244946364939,0.0,5.687386274683562,0.0,14.908855452837393,0.0,0.0,0.0,12.08483741532659,12.894310824958975,10.154694376173955,15.969796765195545,0.7739909589186076,1,19.31315812608103,11.470631221048501,0.0,0.0,0.0,6.851892117295679,0.0,39.847444591115746,0.0,0.0,18.833333333333332,0.0,5.687386274683562,0.0,0.0,10.70655599518261,0.0,10.114318268765572,26.805190686256033,24.16967483065318,0.0,0.0,0.0,60.209999999999994,50.05215419501133,0.0,21.227137188208616,10.81150604686319,-2.358217592592592,-1.6887037037037034,-3.894058484504912,0.0,-3.2331509826152693,0.0,0,0,0,0,0,0,0,0,0,0,1,1,0,0,0,1,0,0,0,0,0,0,0,0,0,0,0,0,0,0,0,0,0,0,1,0,0,0,0,0,0,0,0,0,0,0,0,0,0,0,0,1,1,0,0,0,0,0,1,1,0,0,0,0,1,0,0,0,0,0,0,0,0,0,0,0,0,0,0,0,0,0,0,0,0,0.38103551060506896
mol_0086,COP(=O)(OC)Oc1ccc([N+](=O)[O-])c(C)c1,,2.4073276537259276,2.248988530904291,-2.137562150711305,2.4757152717853534,-1.980754972510656,7.484194715046084,-0.38501402881995295,31.204923422649703,10.176410663356123,3.7835839547429773,841.623137021394,23.162772227887025,19.843916933783095,8.738344124783012,12.68477505730651,9.681424348456106,5.142017835136549,2.4059156023195003,3.848065350824583,1.3790386463060018,2.2324332253909938,0.7327275380470089,1.1594248275895047,68.80141092966505,14.679366553696902,0.0,0.0,0.0,0.0,0.0,0.0,0.0,13.571241485135452,16.44910267404264,261.04022373400016,1.4705882352941178,2.176470588235294,2.7058823529411766,0.3333333333333333,-1.4299999999999997,17,249.07399999999996,354021.6047569349,4.348447027508967,5.26691280943705,3.260971463312128,114.92909755019599,12.520316987906273,0.5290215856006082,12.520316987906273,0.5290215856006082,1.3319893235071798,0.4040086846003321,-5.6708666383219954,-0.4040086846003321,2.68292,60.085900000000024,261.1699999999999,0,7,0,0,0,0,1,0,1,0,29,29,0,6,0,8,0,0,1,5,0,0,0,0,0,94,4.5237471617118175,5.749511833283905,0.0,0.0,5.687386274683562,7.822697123132171,19.161812592189207,4.565048284931329,0.0,0.0,0.0,18.93672953262227,29.794050785636127,17.26013805434965,1.3472289029614966,1,39.508703492927104,13.510083397815734,0.0,0.0,0.0,6.851892117295679,14.075904917765177,33.80502588345245,0.0,5.749511833283905,23.764705882352942,4.5237471617118175,5.687386274683562,5.749511833283905,7.822697123132171,18.99921596658285,13.612542608354964,16.966210386061253,22.012554165739633,18.127256122989884,0.0,0.0,0.0,87.9,111.68046092040277,0.0,9.808672601023115,11.140661924530296,-2.8162229938271603,-1.413371913580246,-4.151981764928194,0.0,-3.3880416981607455,-12.804621519904266,0,0,0,0,0,0,0,0,0,0,0,0,0,0,0,1,0,0,0,0,0,0,0,0,0,0,0,0,0,0,0,0,0,0,1,0,0,0,0,0,0,0,0,0,0,0,0,0,0,0,0,0,0,0,0,0,0,0,1,1,0,0,0,0,0,0,0,1,1,0,0,0,0,0,0,0,0,0,0,0,0,0,0,0,0,0.4596368040107207
mol_0087,CC(C)C(=O)Nc1ccc([N+](=O)[O-])c(C(F)(F)F)c1,,2.521360448346811,2.3805405755592015,-2.111934214402346,2.370707864789784,-2.18237638276741,5.9185519412757985,-0.38758984439556027,19.413184188000685,10.113472013054986,3.9644051612134357,883.8200064750079,24.196152422706632,19.753065481419185,8.753065481419187,13.118802153517008,9.754253215165779,4.3070396196658205,2.9940384129111144,2.9940384129111144,1.6727701540416529,1.6727701540416529,0.9451567792243756,0.9451567792243756,76.97982473290946,28.080100595861857,0.0,0.0,0.0,0.0,0.0,0.0,0.0,0.0,15.1194276400304,276.07217687200034,1.631578947368421,2.263157894736842,2.736842105263158,0.36363636363636365,-2.12,19,265.1259999999999,643612.5534868003,5.476308425739333,5.249619382287528,3.6680483575172067,121.62981204049456,13.287516652494332,0.42257522735230724,13.287516652494332,0.42257522735230724,0.9093131141345432,0.32585048775253384,-5.672885133219959,-0.32585048775253384,3.2081000000000017,61.56610000000001,276.2139999999997,1,5,0,0,0,1,1,0,1,0,30,30,0,3,1,8,0,0,1,3,0,0,0,0,0,104,5.309813353288376,5.563451491696996,1.4118420783282006,5.907179729351506,5.687386274683562,6.176298517443475,14.908855452837393,0.0,13.171245143024459,0.0,13.703784234591359,12.08483741532659,27.219072560901473,9.035586717328332,1.5130807818497738,1,38.00852101594436,17.28195227871863,0.0,0.0,5.893957685363079,19.880082752034834,5.309813353288376,33.80502588345245,0.0,0.0,21.736842105263158,5.309813353288376,24.546017692391587,0.0,0.0,10.830490778169176,10.970835701515297,16.008275954128653,32.97482128799055,18.127256122989884,1.4118420783282006,0.0,0.0,72.24,120.62003921468343,0.0,21.678265067639394,10.034324095417169,-6.175160698538676,-6.547145849080374,-5.402601568405139,-5.672885133219959,-7.868168461829178,0.0,0,0,0,0,0,0,0,0,0,0,1,1,0,0,0,1,1,0,0,0,0,0,0,0,0,3,0,1,0,1,0,0,0,0,1,0,0,0,0,0,0,0,0,0,3,0,0,0,0,0,0,0,0,0,0,0,0,0,1,1,0,0,0,0,0,0,0,0,0,0,0,0,0,0,0,0,0,0,0,0,0,0,0,0,0,0.6801783581027343
mol_0088,CS(=O)(=O)Nc1ccc([N+](=O)[O-])cc1Oc1ccccc1,,2.6983329995218033,2.1477365946606946,-2.1134719179211543,2.330399243247382,-2.1008801321398702,7.915301524258642,-0.3844669764467424,32.233101220542856,10.236534309172947,3.010314782452348,1251.2355762303341,25.790010549841313,21.843916933783095,10.660413514710822,14.872691343275092,10.887855517534211,6.380705250834893,3.280987176410521,4.413694041901891,1.821539059133946,2.2444715363865155,1.1143768480791976,1.483290032039235,97.05879179431716,18.53211525309451,0.0,0.0,0.0,0.0,0.0,0.0,0.0,0.0,21.227049150000667,308.04669248400035,1.3333333333333333,2.0476190476190474,2.6666666666666665,0.07692307692307693,-2.6099999999999994,21,296.21900000000005,5276671.130554872,5.644146292402328,5.7959776764561335,4.180172369295591,137.84830110223947,12.259395464210577,0.45489878610205553,12.259395464210577,0.2728146458076149,0.7849390589569163,0.2728146458076149,-5.611032559628787,-0.45489878610205553,2.7586000000000013,78.07890000000003,308.3149999999998,1,7,0,0,0,0,2,0,2,0,33,34,0,5,1,8,0,0,2,5,0,0,0,0,0,110,4.736862953800049,5.749511833283905,7.161353911612106,10.023291153407584,5.687386274683562,0.0,14.829437882499704,8.417796984328938,0.0,0.0,18.127256122989884,18.127256122989884,10.154694376173955,33.803108581642746,1.5577783768293594,2,34.56815718314728,21.398063702774706,0.0,0.0,0.0,0.0,10.89904371485059,58.45366793007193,0.0,11.49902366656781,19.61904761904762,9.45198256753418,11.374772549367124,11.49902366656781,0.0,19.525032134263068,10.023291153407584,10.114318268765572,15.078344117872419,48.33934966130636,1.4118420783282006,0.0,0.0,98.54,119.9608991483671,0.0,10.024846748119206,11.322624827715241,-2.815430891492399,-2.411189058956915,-8.930386975037948,-3.873664572418858,0.0,-5.611032559628787,0,0,0,0,0,0,0,0,0,0,0,0,0,0,0,1,1,0,0,0,0,0,0,0,0,0,0,0,0,1,0,0,0,0,2,0,0,0,0,0,0,1,0,0,0,0,0,0,0,0,0,0,0,0,0,0,0,0,1,1,0,0,0,0,1,0,0,0,0,0,0,0,0,0,0,0,1,0,0,0,0,0,0,0,0,0.6760870934103842
mol_0089,NC(=O)c1cc([N+](=O)[O-])cc([N+](=O)[O-])c1,,2.2622645601940627,2.1765970177476115,-1.9634205256825172,2.2162386001455605,-2.1120631108370493,5.937428714554019,-0.3937475696929305,16.633279541421604,10.146373480353535,3.903124594049375,592.7626138595608,15.773502691896258,11.882882238819189,6.88288223881919,9.106836025229592,5.749668472822006,3.3552412818220905,2.2665857300785386,2.2665857300785386,1.3026206409110455,1.3026206409110455,0.7322120198930175,0.7322120198930175,56.538998966767124,25.023173721602966,0.0,0.0,0.0,0.0,0.0,0.0,0.0,0.0,6.935959825167062,211.02292026,1.2666666666666666,1.7333333333333334,2.066666666666667,0.0,-2.51,15,206.093,13338.311846904195,5.390423373513117,3.698257807342398,2.2406788898967367,89.74467524126538,11.451557067271352,0.36559212196677926,11.451557067271352,0.2766041682400617,0.5669803476946336,0.2766041682400617,-1.6192592592592592,-0.36559212196677926,0.6018999999999999,48.268699999999995,211.13300000000004,2,8,0,0,0,1,1,0,1,0,20,20,0,5,1,8,0,0,1,3,0,0,0,0,0,78,5.719716975726273,0.0,2.8236841566564013,5.907179729351506,11.374772549367124,0.0,25.023173721602966,0.0,0.0,0.0,0.0,0.0,12.08483741532659,25.56476796550629,1.3290116883983887,1,21.57711910687422,17.28195227871863,0.0,0.0,5.719716975726273,0.0,0.0,43.919344152218024,0.0,0.0,14.0,5.719716975726273,11.374772549367124,0.0,0.0,15.753801826986848,0.0,20.228636537531145,14.470264344279476,18.127256122989884,2.8236841566564013,0.0,0.0,129.37,35.5373544973545,0.0,30.381077097505667,21.47293650793651,-4.386239606953891,-1.6192592592592592,-3.719202569916855,0.0,0.0,0.0,0,0,0,0,0,0,0,0,0,0,1,1,0,0,0,2,0,1,0,0,0,0,0,0,0,0,0,1,0,0,0,0,0,0,1,0,0,0,0,0,0,0,0,0,0,0,0,0,0,0,0,0,0,0,0,0,0,0,2,2,0,0,0,0,0,0,0,0,0,0,0,1,0,0,0,0,0,0,0,0,0,0,0,0,0,0.5773988608049795
mol_0090,O=[N+]([O-])c1c(Cl)cccc1-c1c[nH]cc1Cl,,2.643774982356346,2.2072017712157628,-2.0216345202002373,2.379765796293014,-1.9213180776306436,6.347267540476287,-0.38355873965466375,35.49678385177701,10.075352491067246,3.053659135058144,797.4688016762921,16.928203230275514,13.466852717946097,8.978710609983006,10.106836025229592,6.861146833429233,4.66986218394773,2.694091252469223,3.4500201984876777,1.7782854433124786,2.325280767267409,1.132666574238934,1.522416351276788,62.25591347899727,10.114318268765572,0.0,0.0,4.977003270229252,0.0,0.0,0.0,0.0,0.0,31.467514639644328,255.980632792,1.3125,2.0625,2.625,0.0,-1.52,16,251.028,56439.30832334328,5.702690372404801,4.154573523638252,1.7703879141091619,109.44504555608363,11.234344293272864,0.3657041747338151,11.234344293272864,0.29523953866165065,0.32635251322751335,0.29523953866165065,-0.9505353993449228,-0.3657041747338151,3.896700000000001,62.90310000000001,257.076,1,4,0,0,0,0,1,1,2,0,22,23,0,2,1,6,1,0,2,2,0,0,0,0,0,82,4.977003270229252,5.022633313741326,1.4118420783282006,0.0,5.687386274683562,0.0,10.114318268765572,0.0,0.0,0.0,29.24429848812833,12.08483741532659,17.909241913326518,22.36318863510709,1.4807654021687342,2,13.188945907996972,28.889266055148596,0.0,4.977003270229252,0.0,0.0,0.0,50.63263144086763,0.0,11.126902983393991,15.625,0.0,5.687386274683562,0.0,23.20187978046503,9.900314319046924,0.0,10.114318268765572,6.853792780851101,30.473046544619407,11.457108705810853,11.126902983393991,0.0,58.93,45.718599930713026,11.575946082136557,10.610161407155454,10.128349080372889,-1.8120987654320977,0.0,-2.0892586293776763,-1.2428102166792634,0.0,0.0,0,0,0,0,0,1,1,0,0,0,0,0,0,0,0,1,1,0,0,0,0,1,0,0,0,0,0,0,0,0,0,0,0,0,1,0,0,0,0,0,0,0,0,0,2,0,0,0,0,0,0,0,0,0,0,0,0,0,1,1,0,0,0,0,1,0,0,0,0,0,0,0,0,0,0,0,0,0,0,0,0,0,0,0,0,0.6546946471705868
mol_0091,Nc1ccc(-c2ccc(N)cc2[N+](=O)[O-])cc1,,2.5638173597869844,2.1465394740798964,-2.041563916849359,2.3122871601134816,-1.9440765622819332,5.763001478363397,-0.383637081429023,16.628345013277798,10.028750207899018,3.123888992610906,966.9971860738485,21.66025403784439,19.1581373674276,8.158137367427601,12.838886832798472,9.574823146919881,4.285968764920048,2.927930178334986,2.927930178334986,1.8238860818975189,1.8238860818975189,1.1355374371262705,1.1355374371262705,75.40930380990542,10.114318268765572,0.0,11.439433951452546,0.0,0.0,0.0,0.0,0.0,0.0,15.242678206504342,229.085126592,1.1176470588235294,1.7647058823529411,2.3529411764705883,0.0,-2.56,17,218.15099999999995,688026.0266724351,3.731151031879904,4.130421039587442,2.174663841858201,113.50815647288552,11.5374785840262,0.3987282563083347,11.5374785840262,0.2787462924543108,0.1591886392093822,0.2787462924543108,-1.1642101284958424,-0.3987282563083347,2.4262000000000006,67.3572,229.23900000000006,4,5,0,0,0,0,2,0,2,0,28,29,0,4,2,5,0,0,2,4,0,0,0,0,0,86,11.439433951452546,0.0,5.6473683133128025,0.0,5.687386274683562,0.0,10.114318268765572,0.0,0.0,0.0,12.08483741532659,29.733126322350174,17.417191257030417,20.082072433706205,0.9065426308208913,2,20.16598925532201,17.062158824050687,0.0,0.0,0.0,0.0,11.439433951452546,52.411249222408635,0.0,11.126902983393991,18.705882352941178,11.439433951452546,17.062158824050687,0.0,0.0,4.923311048817671,0.0,10.114318268765572,9.59530989319154,42.29693095364306,5.6473683133128025,11.126902983393991,0.0,95.18,84.35065498271037,0.0,10.402017510707982,11.5374785840262,-4.768340377856069,0.0,-6.521810699588475,0.0,0.0,0.0,0,0,0,2,0,0,0,0,0,0,0,0,0,0,0,1,0,2,0,0,0,0,0,0,0,0,0,0,0,2,0,0,0,0,2,0,0,0,0,0,0,0,0,0,0,0,0,0,0,0,0,0,0,0,0,0,0,0,1,1,0,0,0,0,0,0,0,0,0,0,0,0,0,0,0,0,0,0,0,0,0,0,0,0,0,0.469291083793865
mol_0092,Nc1ccc(Cl)c([N+](=O)[O-])c1,,2.1311082070874128,2.102549277836757,-1.945323144054439,2.250420375419165,-1.9102685050491002,6.322575351010464,-0.38423896813977676,35.49569115652093,10.270849047209653,3.7260679088713267,466.9674963849058,12.618802153517006,10.088888244936868,5.844817190955324,7.285468820183674,4.895771394674599,2.87930867668391,1.64330561708962,2.0212700900988474,0.9179298145737672,1.1914274765512325,0.49733932888578836,0.6608370030723306,39.447973034916004,10.114318268765572,0.0,5.719716975726273,0.0,0.0,0.0,0.0,0.0,0.0,18.536899715399578,172.00395508,1.8181818181818181,2.5454545454545454,3.090909090909091,0.0,-1.29,11,167.53099999999998,2250.4502666843077,3.404318575163333,2.7545585087790707,1.588952172998747,74.8685015312069,10.596523053665912,0.39852330307252654,10.596523053665912,0.28943097162215115,0.1190123456790122,0.28943097162215115,-0.9770370370370371,-0.39852330307252654,1.8303999999999998,42.518800000000006,172.57100000000003,2,4,0,0,0,0,1,0,1,0,16,16,0,3,1,5,0,0,1,2,0,0,0,0,0,58,5.719716975726273,5.022633313741326,2.8236841566564013,0.0,5.687386274683562,0.0,10.114318268765572,0.0,0.0,0.0,11.600939890232516,12.08483741532659,11.729804982346856,9.035586717328332,0.8524904270737093,1,11.859270873984732,22.97571243959964,0.0,0.0,0.0,0.0,5.719716975726273,33.26420770549679,0.0,0.0,15.545454545454545,5.719716975726273,11.374772549367124,0.0,11.600939890232516,4.923311048817671,0.0,10.114318268765572,4.1122756685106605,18.127256122989884,7.846317470397728,0.0,0.0,69.16,35.86425359032502,5.46529289493575,9.619486016628874,9.962819349962208,-1.6437654320987645,0.0,-2.1569753086419743,0.0,0.0,0.0,0,0,0,1,0,0,0,0,0,0,0,0,0,0,0,1,0,1,0,0,0,0,0,0,0,0,0,0,0,1,0,0,0,0,1,0,0,0,0,0,0,0,0,0,1,0,0,0,0,0,0,0,0,0,0,0,0,0,1,1,0,0,0,0,0,0,0,0,0,0,0,0,0,0,0,0,0,0,0,0,0,0,0,0,0,0.3992148344781814
mol_0093,Nc1c([N+](=O)[O-])cc(Cl)cc1[N+](=O)[O-],,2.2324208895587034,2.230074910789718,-1.9854204166986211,2.33823813304655,-2.001592368074351,6.308239307063321,-0.3918134435962405,35.4956910795103,10.2161699194998,3.927482942971177,511.11921495098363,14.196152422706634,10.352598421364554,7.108527367383008,8.196152422706632,4.984526564094688,3.4680638461039996,2.1240221999246476,2.5019866729338753,1.2700496865473863,1.4590319230520001,0.7339322141028918,0.9129387578280503,44.01625165075395,20.228636537531145,0.0,5.719716975726273,0.0,0.0,0.0,0.0,0.0,0.0,17.16614115922936,216.989033288,1.3571428571428572,1.7857142857142858,2.0714285714285716,0.0,-1.8899999999999995,14,213.53599999999997,5598.911591013229,5.759452225755506,3.462417781878399,1.716368061014774,88.11650675353887,10.735137314184932,0.38749923759720556,10.735137314184932,0.30023079365247435,0.3862345679012349,0.30023079365247435,-1.1606481481481485,-0.38749923759720556,1.7386,49.173199999999994,217.568,2,7,0,0,0,0,1,0,1,0,18,18,0,5,1,8,0,0,1,3,0,0,0,0,0,74,5.719716975726273,0.0,8.511070431339963,0.0,0.0,11.374772549367124,20.228636537531145,0.0,0.0,0.0,11.600939890232516,0.0,12.08483741532659,17.610772523717106,1.4244021285953565,1,15.411823366632182,28.6630987142832,0.0,0.0,0.0,0.0,5.719716975726273,37.33610726659906,0.0,0.0,13.5,5.719716975726273,17.062158824050687,0.0,11.600939890232516,9.846622097635342,0.0,20.228636537531145,2.7415171123404405,12.08483741532659,7.846317470397728,0.0,0.0,112.30000000000001,28.522089947089945,5.427916351725875,19.14897833207357,20.69157092466616,-3.784567901234567,0.0,-1.8948765432098762,0.0,0.0,0.0,0,0,0,1,0,0,0,0,0,0,0,0,0,0,0,2,0,1,0,0,0,0,0,0,0,0,0,0,0,1,0,0,0,0,1,0,0,0,0,0,0,0,0,0,1,0,0,0,0,0,0,0,0,0,0,0,0,0,2,2,0,0,0,0,0,0,0,0,0,0,0,0,0,0,0,0,0,0,0,0,0,0,0,0,0,0.46048765977830153
mol_0094,O=[N+]([O-])c1ccccc1O,,2.189369290352048,2.085775380633224,-1.9101708754518822,2.226128957974153,-1.8608227926353216,5.4364310486815,-0.38543939727295534,16.62936857351403,10.28804725564431,3.6979592544833615,435.51092236395874,11.74855866551393,9.671958466891548,4.671958466891548,6.9127900201215,4.701127605115884,2.2928793146520214,1.4348407280669588,1.4348407280669588,0.8170832037847745,0.8170832037847745,0.42298762828800185,0.42298762828800185,40.52988398743832,10.114318268765572,0.0,0.0,0.0,0.0,0.0,0.0,0.0,5.1088081911072125,6.914233881913515,139.02694302,1.7,2.4,3.0,0.0,-1.5799999999999998,10,134.07,1681.4356149903729,2.5740375043587767,2.344994095834573,1.0471974342629837,63.99013535315908,10.511557067271353,0.502092705332494,10.511557067271353,0.3101887839338801,0.673287037037037,0.3101887839338801,-1.0121759259259258,-0.502092705332494,1.3003999999999998,34.76120000000001,139.11000000000004,1,4,0,0,0,0,1,0,1,0,15,15,0,3,1,4,0,0,1,2,0,0,0,0,0,52,5.1088081911072125,0.0,5.749511833283905,0.0,1.4311996572326342,5.687386274683562,10.114318268765572,0.0,0.0,0.0,12.08483741532659,6.042418707663295,6.042418707663295,10.406345273498552,0.603610275017809,1,15.515153464605762,5.687386274683562,1.4311996572326342,0.0,0.0,0.0,0.0,34.28399309941875,0.0,5.749511833283905,15.8,0.0,5.687386274683562,5.749511833283905,0.0,11.463318897157517,0.0,10.114318268765572,5.483034224680881,24.16967483065318,0.0,0.0,0.0,63.370000000000005,35.32887660619803,0.0,9.499381141345427,14.363131141345427,-0.9342592592592596,-0.7861111111111108,-2.971018518518518,0.0,0.0,0.0,0,0,0,0,0,0,0,1,0,0,0,0,0,0,0,1,0,0,0,0,0,0,0,0,0,0,0,0,0,0,0,0,0,0,1,0,0,0,0,0,0,0,0,0,0,0,0,0,0,0,0,0,0,0,0,0,0,0,1,1,0,0,0,0,2,1,1,0,0,0,0,0,0,0,0,0,0,0,0,0,0,0,0,0,0,0.47072821158342537
mol_0095,O=[N+]([O-])c1cccc([N+](=O)[O-])c1,,2.1311082070874128,2.1105208868125307,-1.899837330745155,2.1771644454321897,-1.907153590410079,5.415890614478273,-0.3937202063769737,16.633218041874507,10.272652944792782,3.79658402512736,462.7872820395884,12.618802153517008,9.52742035285537,5.527420352855368,7.285468820183674,4.67751033884018,2.6775103388401797,1.711433165670055,1.711433165670055,0.96375516942009,0.96375516942009,0.5068775847100451,0.5068775847100451,45.39106947765565,20.228636537531145,0.0,0.0,0.0,0.0,0.0,0.0,0.0,0.0,5.483034224680881,168.017106608,1.1666666666666667,1.5833333333333333,1.9166666666666667,0.0,-1.98,12,164.076,2250.4502666843077,4.147484478053565,2.9516118607817234,1.5400100997348818,72.35723656516778,10.47933484504913,0.27580108571268735,10.47933484504913,0.27580108571268735,0.9357407407407405,0.258305978673261,-1.143703703703704,-0.258305978673261,1.503,39.75080000000001,168.10800000000003,0,6,0,0,0,0,1,0,1,0,16,16,0,4,0,6,0,0,1,2,0,0,0,0,0,62,0.0,0.0,0.0,0.0,11.374772549367124,0.0,20.228636537531145,0.0,0.0,0.0,0.0,6.042418707663295,12.08483741532659,21.372075029979516,1.0201470314859165,1,15.32965632231622,11.374772549367124,0.0,0.0,0.0,0.0,0.0,44.398311368184324,0.0,0.0,14.0,0.0,11.374772549367124,0.0,0.0,9.846622097635342,0.0,20.228636537531145,5.483034224680881,24.16967483065318,0.0,0.0,0.0,86.28,28.62747543461829,0.0,18.671262282690854,20.95866969009826,-2.263518518518518,0.0,-3.993888888888888,0.0,0.0,0.0,0,0,0,0,0,0,0,0,0,0,0,0,0,0,0,2,0,0,0,0,0,0,0,0,0,0,0,0,0,0,0,0,0,0,1,0,0,0,0,0,0,0,0,0,0,0,0,0,0,0,0,0,0,0,0,0,0,0,2,2,0,0,0,0,0,0,0,0,0,0,0,0,0,0,0,0,0,0,0,0,0,0,0,0,0,0.4941192629438992
mol_0096,Cc1c(N)cc([N+](=O)[O-])cc1[N+](=O)[O-],,2.241480608183556,2.190530413969142,-2.001852947770032,2.2854742389432268,-1.9894554753845897,5.627127013625476,-0.3939368134308476,16.63332316062001,10.128216608320507,4.114885218908479,629.870739330311,16.696152422706632,13.474633948355326,6.474633948355327,9.407477288111819,6.5455443275900755,3.151117136590159,2.1850399634200346,2.1850399634200346,1.3123619671700693,1.3123619671700693,0.7209228306063038,0.7209228306063038,57.12867892173157,20.228636537531145,0.0,0.0,0.0,0.0,0.0,0.0,0.0,0.0,9.677476937507501,197.043655704,1.5,2.2142857142857144,2.642857142857143,0.14285714285714285,-2.18,14,190.094,16667.649802452925,3.906904179762186,3.2857524238519376,1.6044979462832727,88.39309414155724,10.960967498110355,0.3981046263678037,10.960967498110355,0.28073551131172175,0.42710648148148156,0.28073551131172175,-3.237286470143614,-0.3981046263678037,1.3936199999999999,48.900200000000005,197.15000000000006,2,7,0,0,0,0,1,0,1,0,21,21,0,5,1,7,0,0,1,3,0,0,0,0,0,74,5.719716975726273,0.0,2.8236841566564013,0.0,11.374772549367124,0.0,20.228636537531145,0.0,0.0,0.0,0.0,6.851892117295679,15.842080650857515,24.194009409336072,0.9169371341722049,1,19.52409903514284,17.062158824050687,0.0,0.0,0.0,6.851892117295679,5.719716975726273,37.87692544455473,0.0,0.0,17.571428571428573,5.719716975726273,17.062158824050687,0.0,0.0,9.846622097635342,0.0,27.080528654826825,12.417244272548094,12.08483741532659,2.8236841566564013,0.0,0.0,112.30000000000001,50.63680650037793,0.0,19.189676398337113,21.77554894179894,-5.543865740740739,0.0,-2.570879629629629,0.0,-3.237286470143614,0.0,0,0,0,1,0,0,0,0,0,0,0,0,0,0,0,2,0,1,0,0,0,0,0,0,0,0,0,0,0,1,0,0,0,0,1,0,0,0,0,0,0,0,0,0,0,0,0,0,0,0,0,0,0,0,0,0,0,0,2,2,0,0,0,0,0,0,0,0,0,0,0,0,0,0,0,0,0,0,0,0,0,0,0,0,0,0.4369034196011298
mol_0097,Cc1c([N+](=O)[O-])cc(N)cc1[N+](=O)[O-],,2.241480608183556,2.214864264793269,-1.9963357088026623,2.295160623325923,-1.9916262829942513,5.618058707645628,-0.3946831453379127,16.63346108324311,10.127012872879343,4.116075459335869,588.620739330311,16.696152422706632,13.474633948355326,6.474633948355327,9.40747728811182,6.5455443275900755,3.151117136590159,2.185039963420034,2.185039963420034,1.312361967170069,1.312361967170069,0.7665663770650676,0.7665663770650676,51.40896194600529,20.228636537531145,0.0,5.719716975726273,0.0,0.0,0.0,0.0,0.0,0.0,9.677476937507501,197.043655704,1.4285714285714286,1.9285714285714286,2.2142857142857144,0.14285714285714285,-2.18,14,190.094,16667.649802452925,3.906904179762186,3.2857524238519376,1.6044979462832727,88.39309414155724,10.960967498110355,0.3983201237008401,10.960967498110355,0.2807451854075118,0.38098828420257025,0.2807451854075118,-3.3156538170823904,-0.3983201237008401,1.3936199999999999,48.900200000000005,197.15000000000006,2,7,0,0,0,0,1,0,1,0,21,21,0,5,1,7,0,0,1,3,0,0,0,0,0,74,5.719716975726273,5.563451491696996,2.8236841566564013,0.0,11.374772549367124,0.0,20.228636537531145,0.0,0.0,0.0,0.0,6.851892117295679,21.88449935852081,12.58813920997578,0.9169371341722049,1,19.52409903514284,17.062158824050687,0.0,0.0,0.0,6.851892117295679,5.719716975726273,37.87692544455473,0.0,0.0,17.571428571428573,5.719716975726273,17.062158824050687,0.0,0.0,9.846622097635342,0.0,27.080528654826825,12.417244272548094,12.08483741532659,2.8236841566564013,0.0,0.0,112.30000000000001,50.42240173847317,0.0,19.289944255479966,21.92193499622071,-5.636636432350717,0.0,-2.4319907407407397,0.0,-3.3156538170823904,0.0,0,0,0,1,0,0,0,0,0,0,0,0,0,0,0,2,0,1,0,0,0,0,0,0,0,0,0,0,0,1,0,0,0,0,1,0,0,0,0,0,0,0,0,0,0,0,0,0,0,0,0,0,0,0,0,0,0,0,2,2,0,0,0,0,0,0,0,0,0,0,0,0,0,0,0,0,0,0,0,0,0,0,0,0,0,0.4369034196011298
mol_0098,Cc1ccc([N+](=O)[O-])cc1[N+](=O)[O-],,2.196911456325328,2.153921468133597,-1.9511569527907489,2.2269452598326165,-1.9392007151982724,5.477094476672388,-0.3940605413900258,16.633291252530586,10.16619593402212,3.969497306585688,584.1760102344767,15.118802153517008,12.02742035285537,6.027420352855369,8.49679368558886,5.92751033884018,2.9275103388401797,1.9614331656700552,1.9614331656700552,1.1446568688575849,1.1446568688575849,0.615021131168809,0.615021131168809,51.763994378985025,20.228636537531145,0.0,0.0,0.0,0.0,0.0,0.0,0.0,0.0,8.224551337021321,182.032756672,1.3846153846153846,2.076923076923077,2.5384615384615383,0.14285714285714285,-1.9799999999999998,13,176.087,6999.359899852494,3.8194244691736134,3.176550566473556,1.7815394056397549,81.53211967990002,10.796001511715797,0.278670384106092,10.796001511715797,0.278670384106092,1.132662037037037,0.25830597628015206,-3.124786470143614,-0.25830597628015206,1.81142,44.487800000000014,182.13500000000005,0,6,0,0,0,0,1,0,1,0,19,19,0,4,0,6,0,0,1,2,0,0,0,0,0,68,0.0,0.0,0.0,0.0,11.374772549367124,0.0,20.228636537531145,0.0,0.0,0.0,0.0,12.894310824958975,15.718145867870948,20.001316473809293,0.9332765354735694,1,18.07117343465666,11.374772549367124,0.0,0.0,0.0,6.851892117295679,0.0,43.919344152218024,0.0,0.0,17.23076923076923,0.0,11.374772549367124,0.0,0.0,9.846622097635342,0.0,27.080528654826825,13.788002828718314,18.127256122989884,0.0,0.0,0.0,86.28,43.28280470521542,0.0,18.953077758881328,21.445616969009826,-3.740277777777777,0.0,-3.5664351851851848,0.0,-3.124786470143614,0.0,0,0,0,0,0,0,0,0,0,0,0,0,0,0,0,2,0,0,0,0,0,0,0,0,0,0,0,0,0,0,0,0,0,0,1,0,0,0,0,0,0,0,0,0,0,0,0,0,0,0,0,0,0,0,0,0,0,0,2,2,0,0,0,0,0,0,0,0,0,0,0,0,0,0,0,0,0,0,0,0,0,0,0,0,0,0.5150434173626992
mol_0099,Nc1cc(Cl)c([N+](=O)[O-])cc1Cl,,2.140020892483553,2.1364323039908872,-1.983671065236649,2.3130971929635744,-1.9197104939995797,6.361107772241783,-0.3842802705841298,35.496786943105846,10.26713885296645,3.6978735709757977,439.32713685934266,12.618802153517006,9.466852717946097,6.978710609983006,7.285468820183674,4.584753631179211,3.4462553861977505,1.8322878535942337,2.5882167996126886,1.0546786455624997,1.6016739695174305,0.5618426007483674,0.9043468186600685,38.42818764099403,10.114318268765572,0.0,5.719716975726273,0.0,0.0,0.0,0.0,0.0,0.0,28.76708104946187,205.964982728,1.5833333333333333,2.25,2.75,0.0,-1.0,12,202.98399999999998,2268.422146032566,4.888888888888889,3.1640625,1.5955678670360112,83.76679725792076,10.579972915091963,0.3974731696429202,10.579972915091963,0.2890214744546034,0.015563114134542921,0.2890214744546034,-0.9339304610733179,-0.3974731696429202,2.4838000000000005,47.528800000000004,207.01600000000002,2,4,0,0,0,0,1,0,1,0,16,16,0,3,1,6,0,0,1,2,0,0,0,0,0,64,5.719716975726273,5.022633313741326,2.8236841566564013,0.0,5.687386274683562,0.0,10.114318268765572,0.0,0.0,0.0,23.20187978046503,6.042418707663295,6.042418707663295,18.374847749582997,1.2890625000000002,1,10.488512317814513,34.57665232983216,0.0,0.0,0.0,0.0,5.719716975726273,32.244422311574816,0.0,0.0,14.166666666666666,5.719716975726273,11.374772549367124,0.0,23.20187978046503,4.923311048817671,0.0,10.114318268765572,2.7415171123404405,12.08483741532659,12.868950784139054,0.0,0.0,69.16,28.684794658604183,11.075987654320986,9.646042454018644,9.445713655832703,-1.2891433610481222,0.0,-1.3411728395061715,0.0,0.0,0.0,0,0,0,1,0,0,0,0,0,0,0,0,0,0,0,1,0,1,0,0,0,0,0,0,0,0,0,0,0,1,0,0,0,0,1,0,0,0,0,0,0,0,0,0,2,0,0,0,0,0,0,0,0,0,0,0,0,0,1,1,0,0,0,0,0,0,0,0,0,0,0,0,0,0,0,0,0,0,0,0,0,0,0,0,0,0.43642666972218
mol_0100,Nc1ccc([N+](=O)[O-])c(Cl)n1,,2.0993904448874887,2.1157759485045426,-1.9350301352209442,2.2133441700734617,-1.9412764686707524,6.310336938599976,-0.38455529260183197,35.495696261993714,10.402215978459566,3.510859697423972,427.2284352457226,11.748558665513928,9.036101840436828,5.792030786455282,6.857948465255108,4.342984990174556,2.8265222721838676,1.581936722060144,1.9399498095104608,0.874745367059029,1.1382673362570392,0.4615274610852505,0.657833736182988,33.66650733355564,10.114318268765572,0.0,5.719716975726273,0.0,0.0,0.0,0.0,0.0,4.9839785209472085,17.16614115922936,172.999204048,1.9090909090909092,2.6363636363636362,3.1818181818181817,0.0,-1.36,11,169.527,1486.368434980342,3.8679048167800416,2.7106392273888256,1.5573147742361706,72.6831790119856,10.446392668178383,0.38364197767261043,10.446392668178383,0.3061108710713345,0.03176681783824664,0.3061108710713345,-0.9328193499622071,-0.38364197767261043,1.2253999999999998,40.3138,173.55900000000003,2,5,0,0,0,0,0,1,1,0,15,15,0,4,1,6,1,0,1,2,0,0,0,0,0,58,5.719716975726273,5.817862777835028,2.8236841566564013,5.153109816892792,0.0,5.687386274683562,10.114318268765572,4.9839785209472085,0.0,0.0,11.600939890232516,6.042418707663295,6.042418707663295,7.664828161158112,0.9531358658336516,1,10.488512317814513,23.106188942751103,0.0,4.9839785209472085,0.0,0.0,5.719716975726273,27.352265500984956,0.0,0.0,14.272727272727273,5.719716975726273,11.50524905251859,0.0,11.600939890232516,9.90728956976488,0.0,10.114318268765572,2.7415171123404405,12.08483741532659,7.976793973549194,0.0,0.0,82.05,28.188374905517765,5.3962654320987635,12.835023935500127,9.835744520030236,-0.8305939783320733,-0.5318518518518516,-1.4485185185185183,0.0,0.0,0.0,0,0,0,1,0,1,0,0,0,0,0,0,0,0,0,2,0,1,0,0,0,0,0,0,0,0,0,0,0,1,0,0,0,0,0,0,0,0,0,0,0,0,0,0,1,0,0,0,0,0,0,0,0,0,0,0,0,0,1,0,0,0,0,0,0,0,0,0,0,0,0,0,0,1,0,0,0,0,0,0,0,0,0,0,0,0.39337324654272177
mol_0101,O=[N+]([O-])c1cccc(Cl)c1,,2.112066060343762,2.0211859797124174,-1.886404015403256,2.1565636409345434,-1.851803760327144,6.302872406951614,-0.38442795188458034,35.49569083983714,10.315151360182975,3.682463305848331,393.7779106905112,11.041451884327381,8.641674649436911,5.397603595455366,6.374785217660715,4.277737405924704,2.6557018789339306,1.4196988193396407,1.797663292348868,0.7638687029623517,0.9528509394669653,0.4030632078493887,0.5398120388381213,39.80300546789574,10.114318268765572,0.0,0.0,0.0,0.0,0.0,0.0,0.0,0.0,17.083974114913396,156.993056048,1.7,2.4,3.0,0.0,-1.0899999999999999,10,153.52399999999997,971.5503877581306,3.344861860188002,2.6626191750189108,1.4481065722834785,68.00752706954967,10.420692869740488,0.2704139797948704,10.420692869740488,0.2704139797948704,0.47435185185185147,0.2583088885799244,-0.9503703703703699,-0.2583088885799244,2.2482000000000006,38.106400000000015,157.556,0,3,0,0,0,0,1,0,1,0,14,14,0,2,0,4,0,0,1,1,0,0,0,0,0,52,0.0,0.0,0.0,0.0,5.687386274683562,0.0,10.114318268765572,0.0,0.0,0.0,17.643358597895812,6.042418707663295,17.107470729067916,10.406345273498552,0.8906093326725998,1,10.406345273498552,17.28832616491608,0.0,0.0,0.0,0.0,0.0,39.306626413160075,0.0,0.0,14.9,0.0,5.687386274683562,0.0,11.600939890232516,4.923311048817671,0.0,10.114318268765572,5.483034224680881,24.16967483065318,5.022633313741326,0.0,0.0,43.14,28.73324389014865,5.421358024691357,9.470322499370118,9.946341017888637,-0.8370370370370368,0.0,-2.6231172839506156,0.0,0.0,0.0,0,0,0,0,0,0,0,0,0,0,0,0,0,0,0,1,0,0,0,0,0,0,0,0,0,0,0,0,0,0,0,0,0,0,1,0,0,0,0,0,0,0,0,0,1,0,0,0,0,0,0,0,0,0,0,0,0,0,1,1,0,0,0,0,0,0,0,0,0,0,0,0,0,0,0,0,0,0,0,0,0,0,0,0,0,0.46360210314198946
mol_0102,Nc1ccc([N+](=O)[O-])c(N)c1,,2.208906217251207,2.0868830747395686,-1.9615257365600434,2.219796338085932,-1.9603086402329533,5.637942586483088,-0.3834533093456493,16.628399823185127,10.232740828536976,3.8213845967316153,506.6895601089832,14.196152422706632,12.1581373674276,5.1581373674276,8.196152422706634,5.82482314691988,2.5359687649200477,1.6779301783349856,1.6779301783349856,0.9429843824600241,0.9429843824600241,0.5123170202763982,0.5123170202763982,40.11272599585824,10.114318268765572,0.0,11.439433951452546,0.0,0.0,0.0,0.0,0.0,0.0,9.759643981823462,153.053826464,1.6363636363636365,2.4545454545454546,3.0,0.0,-1.7800000000000002,11,146.08499999999998,5469.251793913989,2.3679517911089953,2.4517901863265896,1.3728506132569875,72.83118026615023,10.750837112622825,0.39866034967344527,10.750837112622825,0.29175716979152516,0.15334089191232048,0.29175716979152516,-1.0775415721844293,-0.39866034967344527,0.7592000000000001,41.921200000000006,153.14100000000005,4,5,0,0,0,0,1,0,1,0,18,18,0,4,2,5,0,0,1,3,0,0,0,0,0,58,11.439433951452546,5.687386274683562,5.6473683133128025,0.0,5.687386274683562,0.0,10.114318268765572,0.0,0.0,0.0,0.0,12.08483741532659,11.729804982346856,9.035586717328332,0.5277928148305006,1,14.682955030641134,17.062158824050687,0.0,0.0,0.0,0.0,11.439433951452546,28.241574391755456,0.0,0.0,17.636363636363637,11.439433951452546,17.062158824050687,0.0,0.0,4.923311048817671,0.0,10.114318268765572,4.1122756685106605,18.127256122989884,5.6473683133128025,0.0,0.0,95.17999999999999,50.23707860922146,0.0,9.673295540438396,10.750837112622825,-3.003803854875282,0.0,-2.6574074074074066,0.0,0.0,0.0,0,0,0,2,0,0,0,0,0,0,0,0,0,0,0,1,0,2,0,0,0,0,0,0,0,0,0,0,0,2,0,0,0,0,1,0,0,0,0,0,0,0,0,0,0,0,0,0,0,0,0,0,0,0,0,0,0,0,1,1,0,0,0,0,0,0,0,0,0,0,0,0,0,0,0,0,0,0,0,0,0,0,0,0,0,0.35337020873087255
mol_0103,O=C(O)c1cc([N+](=O)[O-])cc([N+](=O)[O-])c1O,,2.354477575659624,2.2624613765460464,-2.0002197688460637,2.335415386878414,-2.015028451725878,5.930307697361078,-0.39436789691965884,16.634219330307552,10.129283909271907,3.9660540144289014,619.9268461607332,15.61036598507973,11.252165224246959,7.252165224246958,9.272162027628202,5.356379355463701,3.5398827745359744,2.453014789467252,2.453014789467252,1.4916159700347345,1.4916159700347345,0.8573068593631519,0.8573068593631519,50.588500675261805,25.023173721602966,0.0,0.0,0.0,0.0,0.0,0.0,0.0,10.217616382214425,5.603916426805709,228.00185046800001,1.375,2.0625,2.5,0.0,-2.71,16,224.08399999999997,16530.78705870622,6.714887796748622,3.8051840938233954,1.8690763091202545,92.64550880025469,11.275445956160242,0.5014863163494383,11.275445956160242,0.3395110976578962,1.1487037037037038,0.3395110976578962,-1.6634722222222222,-0.5014863163494383,0.9067999999999998,48.374900000000004,228.116,2,9,0,0,0,0,1,0,1,0,20,20,0,7,2,9,0,0,1,4,0,0,0,0,0,84,10.217616382214425,5.563451491696996,0.0,5.749511833283905,8.549785589148831,11.656691562635412,20.228636537531145,4.794537184071822,0.0,0.0,0.0,0.0,6.042418707663295,18.630557917639074,1.5969615147497924,1,27.600292776262027,17.344077837318974,2.8623993144652684,0.0,0.0,0.0,0.0,37.87692544455473,0.0,5.749511833283905,12.75,0.0,11.374772549367124,5.749511833283905,0.0,27.46474342503425,0.0,20.228636537531145,13.099505788109257,12.08483741532659,0.0,1.4311996572326342,0.0,143.81,27.75912320483749,0.0,30.25196712018141,28.83559429327287,-3.8283333333333323,-2.836759259259259,-2.514925359032501,0.0,0.0,0.0,0,0,0,0,1,0,0,1,1,1,1,0,0,0,0,2,0,0,0,0,0,0,0,0,0,0,0,0,0,0,0,0,0,0,1,0,0,0,0,0,0,0,0,0,0,0,0,0,0,0,0,0,0,0,0,0,0,0,2,2,0,0,0,0,0,1,0,0,0,0,0,0,0,0,0,0,0,0,0,0,0,0,0,0,0,0.5770031725139315
mol_0104,O=[N+]([O-])c1cnc(Cl)c([N+](=O)[O-])c1,,1.9927829684645861,2.185130473484168,-1.9285056059678463,2.2484343796027932,-1.9444969278609505,6.309586863592464,-0.3941680707858333,35.49569637859024,10.371251761417133,3.6353345958332777,427.83063032336054,11.74855866551393,7.852598421364554,6.608527367383008,6.857948465255108,3.8137061708447515,3.191670643853979,1.850849906020182,2.208862993470499,1.0573195528940846,1.3208415220920948,0.5540976129399393,0.7126074407367542,38.589818382373316,20.228636537531145,0.0,0.0,0.0,0.0,0.0,0.0,0.0,4.9839785209472085,14.342457002572955,202.973383224,1.4615384615384615,2.076923076923077,2.5384615384615383,0.0,-1.7599999999999998,13,201.52499999999998,1359.0779844928477,6.723420195142431,3.3149108204518427,1.8782104157571928,79.07020977266035,10.406001511715797,0.31283640268120794,10.406001511715797,0.31283640268120794,0.7077777777777776,0.25825694668805105,-1.0823456790123451,-0.25825694668805105,1.5514,42.555800000000005,203.541,0,7,0,0,0,0,0,1,1,0,15,15,0,5,0,8,1,0,1,2,0,0,0,0,0,68,0.0,6.172895210814761,0.0,5.153109816892792,5.687386274683562,5.687386274683562,20.228636537531145,4.9839785209472085,0.0,0.0,11.600939890232516,0.0,0.0,18.630557917639077,1.714426027332468,1,12.58813920997578,22.97571243959964,0.0,4.9839785209472085,0.0,0.0,0.0,37.59706027290199,0.0,0.0,11.76923076923077,0.0,11.374772549367124,0.0,11.600939890232516,14.830600618582551,0.0,20.228636537531145,2.7415171123404405,12.215313918478056,5.153109816892792,0.0,0.0,99.17,14.201978458049886,5.291067649281934,21.76637818090199,20.08681027966742,-2.008827160493826,0.0,-1.0185185185185184,-0.8744444444444441,0.0,0.0,0,0,0,0,0,1,0,0,0,0,0,0,0,0,0,3,0,0,0,0,0,0,0,0,0,0,0,0,0,0,0,0,0,0,0,0,0,0,0,0,0,0,0,0,1,0,0,0,0,0,0,0,0,0,0,0,0,0,2,0,0,0,0,0,0,0,0,0,0,0,0,0,0,1,0,0,0,0,0,0,0,0,0,0,0,0.412424464087609
mol_0105,O=[N+]([O-])c1ccc(O)c([N+](=O)[O-])c1,,2.214052007889905,2.1768007859905065,-1.9415448371754607,2.286649765116712,-1.9182750583033645,5.519308410757443,-0.3943253195722971,16.634041760340267,10.245886661348488,3.8203849251783346,519.8626066629115,13.325908934703556,9.935668643319232,5.935668643319232,7.823473622644459,4.789882774535974,2.8816344840721118,1.9155573109019866,1.9155573109019866,1.1114607884948196,1.1114607884948196,0.5951764206430245,0.5951764206430245,45.09816260327626,20.228636537531145,0.0,0.0,0.0,0.0,0.0,0.0,0.0,5.1088081911072125,5.543475325743295,184.012021228,1.3846153846153846,2.076923076923077,2.5384615384615383,0.0,-2.18,13,180.07499999999996,3910.015845933572,4.75065868241662,3.052359620957006,1.6954530023794976,77.23814057549104,10.594890400604687,0.5020866322914874,10.594890400604687,0.31706272126633983,0.9624074074074069,0.31706272126633983,-1.1734259259259259,-0.5020866322914874,1.2086,41.41560000000001,184.107,1,7,0,0,0,0,1,0,1,0,17,17,0,5,1,7,0,0,1,3,0,0,0,0,0,68,5.1088081911072125,0.0,5.749511833283905,0.0,7.118585931916196,5.687386274683562,20.228636537531145,0.0,0.0,0.0,0.0,6.042418707663295,6.042418707663295,20.001316473809297,1.115439902704408,1,19.067705957253214,11.374772549367124,1.4311996572326342,0.0,0.0,0.0,0.0,38.35589266052103,0.0,5.749511833283905,13.538461538461538,0.0,11.374772549367124,5.749511833283905,0.0,16.38662994597519,0.0,20.228636537531145,4.1122756685106605,18.127256122989884,0.0,0.0,0.0,106.51000000000002,28.21686035525321,0.0,18.802872260015118,24.928137755102043,-2.3377777777777773,-0.9624074074074069,-3.1476851851851846,0.0,0.0,0.0,0,0,0,0,0,0,0,1,0,0,0,0,0,0,0,2,0,0,0,0,0,0,0,0,0,0,0,0,0,0,0,0,0,0,1,0,0,0,0,0,0,0,0,0,0,0,0,0,0,0,0,0,0,0,0,0,0,0,2,2,0,0,0,0,0,1,1,0,0,0,0,0,0,0,0,0,0,0,0,0,0,0,0,0,0,0.5485201907500785
mol_0106,Cc1cccc([N+](=O)[O-])c1[N+](=O)[O-],,2.2189844156369154,2.2482890713033328,-1.9607027525968024,2.2868252653031655,-1.9761936946387932,5.564304027777764,-0.4224117495301681,16.640403687241697,10.156621935885886,4.022084759661592,584.1760102344767,15.118802153517006,12.02742035285537,6.027420352855368,8.49679368558886,5.92751033884018,2.9275103388401797,1.9614331656700552,1.9614331656700552,1.194656868857585,1.194656868857585,0.6996216389803291,0.6996216389803291,51.76399437898503,20.228636537531145,0.0,0.0,0.0,0.0,0.0,0.0,0.0,0.0,8.224551337021321,182.032756672,1.3846153846153846,2.076923076923077,2.5384615384615383,0.14285714285714285,-1.9799999999999998,13,176.087,7154.0057560134155,3.8194244691736134,3.176550566473556,1.6080083952012025,81.53211967990003,10.832668178382463,0.3483841258421114,10.832668178382463,0.3483841258421114,1.0384953703703703,0.2580871656361301,-3.1728703703703713,-0.2580871656361301,1.81142,44.487800000000014,182.13500000000005,0,6,0,0,0,0,1,0,1,0,19,19,0,4,0,6,0,0,1,2,0,0,0,0,0,68,0.0,0.0,0.0,0.0,0.0,11.374772549367124,20.228636537531145,0.0,0.0,0.0,12.08483741532659,6.851892117295679,15.718145867870948,13.958897766146,0.9332765354735694,1,18.07117343465666,11.374772549367124,0.0,0.0,0.0,6.851892117295679,0.0,43.919344152218024,0.0,0.0,17.23076923076923,0.0,11.374772549367124,0.0,0.0,9.846622097635342,0.0,27.080528654826825,13.788002828718314,18.127256122989884,0.0,0.0,0.0,86.28,43.20148951247166,0.0,18.95280848450491,21.575285336356764,-4.029328703703703,0.0,-3.277384259259258,0.0,-3.1728703703703713,0.0,0,0,0,0,0,0,0,0,0,0,0,0,0,0,0,2,0,0,0,0,0,0,0,0,0,0,0,0,0,0,0,0,0,0,1,0,0,0,0,0,0,0,0,0,0,0,0,0,0,0,0,0,0,0,0,0,0,0,2,2,0,0,0,0,1,0,0,0,0,0,0,0,0,0,0,0,0,0,0,0,0,0,0,0,0,0.5150434173626992
mol_0107,O=[N+]([O-])c1cc([N+](=O)[O-])cc([N+](=O)[O-])c1,,2.1352133611355733,2.2101739444989366,-1.9346700372535939,2.2626572261599356,-1.9556217568347452,5.522297995514555,-0.4026897566511249,16.638235561105667,10.230924269476342,3.9384053053496824,486.3939375427665,14.196152422706634,9.791130529283052,6.791130529283053,8.196152422706632,4.76626550826027,3.26626550826027,2.1921497485050825,2.1921497485050825,1.258132754130135,1.258132754130135,0.7040663770650676,0.7040663770650676,49.95934809349359,30.342954806296717,0.0,0.0,0.0,0.0,0.0,0.0,0.0,0.0,4.1122756685106605,213.002184816,0.8,1.0,1.1333333333333333,0.0,-2.5800000000000005,15,210.081,5167.216333948088,6.8121633938439645,3.654452237041124,2.2086605622641216,85.60524178749979,10.562668178382465,0.2826808898962567,10.562668178382465,0.2826808898962567,1.3003703703703697,0.2583023144045145,-1.3709259259259257,-0.2583023144045145,1.4111999999999998,46.40520000000001,213.10500000000002,0,9,0,0,0,0,1,0,1,0,18,18,0,6,0,9,0,0,1,3,0,0,0,0,0,78,0.0,0.0,0.0,0.0,17.062158824050687,0.0,30.342954806296717,0.0,0.0,0.0,0.0,0.0,0.0,37.00946493795356,1.6596483835815155,1,18.882208814963672,17.062158824050687,0.0,0.0,0.0,0.0,0.0,48.4702109292866,0.0,0.0,12.4,0.0,17.062158824050687,0.0,0.0,14.769933146453013,0.0,30.342954806296717,4.1122756685106605,18.127256122989884,0.0,0.0,0.0,129.42000000000002,21.542324263038548,0.0,27.78356009070295,31.688004535147392,-4.112777777777776,0.0,-3.90111111111111,0.0,0.0,0.0,0,0,0,0,0,0,0,0,0,0,0,0,0,0,0,3,0,0,0,0,0,0,0,0,0,0,0,0,0,0,0,0,0,0,1,0,0,0,0,0,0,0,0,0,0,0,0,0,0,0,0,0,0,0,0,0,0,0,3,3,0,0,0,0,0,0,0,0,0,0,0,0,0,0,0,0,0,0,0,0,0,0,0,0,0,0.5505319005093066
mol_0108,Cc1c([N+](=O)[O-])cccc1[N+](=O)[O-],,2.2220183146308865,2.191712145915963,-1.9646167309357474,2.2566501634170644,-1.960758048477105,5.51780824980369,-0.3948002307717244,16.633430253157744,10.148891158617284,4.034102107518916,542.9260102344766,15.118802153517008,12.02742035285537,6.027420352855369,8.49679368558886,5.92751033884018,2.9275103388401797,1.961433165670055,1.961433165670055,1.2005585682950797,1.2005585682950797,0.6606646776275729,0.6606646776275729,51.763994378985025,20.228636537531145,0.0,0.0,0.0,0.0,0.0,0.0,0.0,0.0,8.224551337021321,182.032756672,1.3076923076923077,1.7692307692307692,2.076923076923077,0.14285714285714285,-1.9799999999999998,13,176.087,7186.007229516287,3.8194244691736134,3.176550566473556,1.6080083952012025,81.53211967990002,10.796001511715797,0.278684380944421,10.796001511715797,0.278684380944421,1.0635185185185183,0.25829726349153237,-3.2459259259259268,-0.25829726349153237,1.81142,44.487800000000014,182.13500000000005,0,6,0,0,0,0,1,0,1,0,19,19,0,4,0,6,0,0,1,2,0,0,0,0,0,68,0.0,5.563451491696996,0.0,0.0,11.374772549367124,0.0,20.228636537531145,0.0,0.0,0.0,0.0,12.894310824958975,16.197113083837248,13.958897766146,0.9332765354735694,1,18.07117343465666,11.374772549367124,0.0,0.0,0.0,6.851892117295679,0.0,43.919344152218024,0.0,0.0,17.23076923076923,0.0,11.374772549367124,0.0,0.0,9.846622097635342,0.0,27.080528654826825,13.788002828718314,18.127256122989884,0.0,0.0,0.0,86.28,43.15729024943311,0.0,19.05334561602419,21.592003023431594,-3.9778703703703693,0.0,-3.3288425925925917,0.0,-3.2459259259259268,0.0,0,0,0,0,0,0,0,0,0,0,0,0,0,0,0,2,0,0,0,0,0,0,0,0,0,0,0,0,0,0,0,0,0,0,1,0,0,0,0,0,0,0,0,0,0,0,0,0,0,0,0,0,0,0,0,0,0,0,2,2,0,0,0,0,0,0,0,0,0,0,0,0,0,0,0,0,0,0,0,0,0,0,0,0,0,0.5150434173626991
mol_0109,Cc1cc([N+](=O)[O-])cc([N+](=O)[O-])c1,,2.115202251278112,2.1360455005488364,-1.9421050473813493,2.2110309966402233,-1.9275267888020888,5.455374310551735,-0.39377565801249975,16.633234736429426,10.176371104982653,3.9655810349323417,542.9260102344766,15.118802153517008,12.02742035285537,6.027420352855369,8.49679368558886,5.92751033884018,2.9275103388401797,1.9614331656700552,1.9614331656700552,1.08875516942009,1.08875516942009,0.6252792841475397,0.6252792841475397,51.763994378985025,20.228636537531145,0.0,0.0,0.0,0.0,0.0,0.0,0.0,0.0,8.224551337021321,182.032756672,1.2307692307692308,1.6923076923076923,2.0,0.14285714285714285,-1.98,13,176.08699999999996,6561.357383464704,3.8194244691736134,3.176550566473556,1.9847549091464536,81.53211967990002,10.705950491307634,0.2760667554590684,10.705950491307634,0.2760667554590684,1.1093518518518513,0.25830583475435803,-3.099814814814815,-0.25830583475435803,1.8114199999999998,44.48780000000002,182.13500000000002,0,6,0,0,0,0,1,0,1,0,19,19,0,4,0,6,0,0,1,2,0,0,0,0,0,68,0.0,0.0,0.0,0.0,11.374772549367124,0.0,20.228636537531145,0.0,0.0,0.0,0.0,12.415343608992675,16.197113083837248,20.001316473809293,0.9332765354735694,1,18.07117343465666,11.374772549367124,0.0,0.0,0.0,6.851892117295679,0.0,43.919344152218024,0.0,0.0,17.23076923076923,0.0,11.374772549367124,0.0,0.0,9.846622097635342,0.0,27.080528654826825,13.788002828718314,18.127256122989884,0.0,0.0,0.0,86.28,43.320133219954656,0.0,18.924493575207862,21.41190098261527,-3.7041203703703687,0.0,-3.6025925925925915,0.0,-3.099814814814815,0.0,0,0,0,0,0,0,0,0,0,0,0,0,0,0,0,2,0,0,0,0,0,0,0,0,0,0,0,0,0,0,0,0,0,0,1,0,0,0,0,0,0,0,0,0,0,0,0,0,0,0,0,0,0,0,0,0,0,0,2,2,0,0,0,0,0,0,0,0,0,0,0,0,0,0,0,0,0,0,0,0,0,0,0,0,0,0.5150434173626992
mol_0110,Cc1c([N+](=O)[O-])cc([N+](=O)[O-])cc1[N+](=O)[O-],,2.241480608183556,2.2658710920500824,-1.9851369224316902,2.318824078393951,-1.9957663704887474,5.593602631692123,-0.40347047989891954,16.63840264386481,10.12515737862921,4.1661356749355996,630.6906395631767,16.696152422706632,12.291130529283052,7.291130529283053,9.407477288111817,6.01626550826027,3.5162655082602696,2.442149748505083,2.442149748505083,1.4949361530051246,1.4949361530051246,0.8578534699825954,0.8578534699825954,56.332272994822965,30.342954806296717,0.0,0.0,0.0,0.0,0.0,0.0,0.0,0.0,6.853792780851101,227.01783488,1.0625,1.5,1.75,0.14285714285714285,-2.5800000000000005,16,222.09199999999998,16667.649802452925,6.101216776835829,3.8845644213917154,1.9188916339253492,94.780124902232,10.879334845049131,0.28556378704429247,10.879334845049131,0.28556378704429247,1.3809882842025694,0.2583023118452238,-3.397286470143614,-0.2583023118452238,1.7196200000000001,51.14220000000001,227.13200000000003,0,9,0,0,0,0,1,0,1,0,21,21,0,6,0,9,0,0,1,3,0,0,0,0,0,84,0.0,5.563451491696996,0.0,0.0,17.062158824050687,0.0,30.342954806296717,0.0,0.0,0.0,0.0,6.851892117295679,4.1122756685106605,29.59628767412004,1.4812856011559188,1,21.62372592730411,17.062158824050687,0.0,0.0,0.0,6.851892117295679,0.0,47.9912437133203,0.0,0.0,15.125,0.0,17.062158824050687,0.0,0.0,14.769933146453013,0.0,37.194846923592394,12.417244272548094,12.08483741532659,0.0,0.0,0.0,129.42000000000002,35.96244520030235,0.0,28.25641723356009,32.49161848072562,-6.131203703703703,0.0,-2.9319907407407406,0.0,-3.397286470143614,0.0,0,0,0,0,0,0,0,0,0,0,0,0,0,0,0,3,0,0,0,0,0,0,0,0,0,0,0,0,0,0,0,0,0,0,1,0,0,0,0,0,0,0,0,0,0,0,0,0,0,0,0,0,0,0,0,0,0,0,3,3,0,0,0,0,0,0,0,0,0,0,0,0,0,0,0,0,0,0,0,0,0,0,0,0,0,0.5701986965935285
mol_0111,CCCCN1C(=O)c2ccc([N+](=O)[O-])cc2C1=O,,2.8222519702262465,2.355762690527991,-2.1166713219186595,2.263503114580886,-2.3007143039236397,6.211375253767746,-0.38445278157017915,16.628264109657177,10.09900786963989,2.781193991305088,986.643627583543,23.77350269189626,20.52742035285537,8.52742035285537,13.24679368558886,10.41782385313389,4.41782385313389,3.0382353071519517,3.0382353071519517,2.0459946095894743,2.0459946095894743,1.3096707381026917,1.3096707381026917,82.673727223709,19.703392636909214,0.0,0.0,0.0,0.0,0.0,0.0,0.0,0.0,16.44910267404264,248.079706864,1.4444444444444444,2.1666666666666665,2.8333333333333335,0.3333333333333333,-2.2399999999999998,18,236.14199999999997,1119505.5112816154,4.1509850066059135,4.558499847322666,1.8542156705656145,120.21072424715177,12.684494992441419,0.2743435279417876,12.684494992441419,0.26977578820055786,0.5134103363567655,0.26977578820055786,-4.029045650667676,-0.2743435279417876,1.9909,63.37140000000002,248.23800000000008,0,6,0,1,1,2,1,0,1,0,30,31,0,4,0,6,1,0,2,4,0,0,0,0,0,94,0.0,0.0,0.0,0.0,17.501745733386574,0.0,24.603302367759692,0.0,0.0,0.0,13.224817018625059,12.415343608992675,30.91852410517451,20.162489700722322,1.051236917713985,2,30.96148809100395,17.501745733386574,0.0,4.899909730850478,0.0,19.597741919954437,6.496859684315945,39.368477375149446,0.0,0.0,26.77777777777778,0.0,5.687386274683562,0.0,0.0,28.134439922687104,0.0,10.114318268765572,56.762821945534746,18.127256122989884,0.0,0.0,0.0,80.52000000000001,90.9938168033449,0.0,34.66274242307115,11.088621430953005,-3.528071656903502,-3.556544784580499,-3.690806996409675,-7.9467006015369135,-7.68972328460514,0.0,0,0,0,0,0,0,0,0,0,0,2,2,0,0,0,2,0,0,0,0,0,0,0,0,0,0,0,2,0,0,0,0,0,0,1,0,1,0,0,0,0,0,0,0,0,0,0,0,1,0,0,0,0,0,0,0,0,0,1,1,0,0,0,0,0,0,0,0,0,0,0,0,0,0,0,0,0,0,0,0,0,0,0,0,0,0.4632868452117972
mol_0112,NC(=O)c1ccc([N+](=O)[O-])cc1,,2.2581318943378776,2.0505323109444418,-1.9274935124864958,2.1039729842268016,-2.09882049177979,5.923999673704287,-0.38444005727079517,16.6282184506304,10.179041911023988,3.6912343763982407,517.4677304965803,14.196152422706632,11.619172062391506,5.619172062391505,8.196152422706634,5.660913303401916,2.766486112402,1.7858691472435106,1.7858691472435106,1.0082430562010003,1.0082430562010003,0.5041215281005001,0.5041215281005001,51.97072035092919,14.908855452837393,0.0,0.0,0.0,0.0,0.0,0.0,0.0,0.0,8.306718381337282,166.037842052,1.5833333333333333,2.1666666666666665,2.5833333333333335,0.0,-1.9099999999999997,12,160.088,5825.980287391724,3.2203779509371033,2.99667013888714,1.5708289759166219,76.4966700189334,11.346114890400605,0.3655994540080142,11.346114890400605,0.2689715324065644,0.42050925925925986,0.2689715324065644,-1.4010204081632651,-0.3655994540080142,0.6937,41.61430000000001,166.13600000000005,2,5,0,0,0,1,1,0,1,0,18,18,0,3,1,5,0,0,1,2,0,0,0,0,0,62,5.719716975726273,0.0,2.8236841566564013,5.907179729351506,5.687386274683562,0.0,14.908855452837393,0.0,0.0,0.0,0.0,12.08483741532659,17.648288907023584,10.406345273498552,0.8042008701253144,1,18.024566614226774,11.594566004035068,0.0,0.0,5.719716975726273,0.0,0.0,39.847444591115746,0.0,0.0,16.0,5.719716975726273,5.687386274683562,0.0,0.0,10.830490778169176,0.0,10.114318268765572,15.841022900449696,24.16967483065318,2.8236841566564013,0.0,0.0,86.23,42.830113063744015,0.0,20.848527179390274,10.591536438649534,-2.3198970143613,-1.4010204081632651,-3.882592592592591,0.0,0.0,0.0,0,0,0,0,0,0,0,0,0,0,1,1,0,0,0,1,0,1,0,0,0,0,0,0,0,0,0,1,0,0,0,0,0,0,1,0,0,0,0,0,0,0,0,0,0,0,0,0,0,0,0,0,0,0,0,0,0,0,1,1,0,0,0,0,0,0,0,0,0,0,0,1,0,0,0,0,0,0,0,0,0,0,0,0,0,0.5176201644204089
mol_0113,CCCCN1C(=O)c2cccc([N+](=O)[O-])c2C1=O,,2.821659737658637,2.397457479472592,-2.116319014896515,2.301604164179639,-2.3022112224815436,6.226711304380332,-0.38466299188664765,16.628461023684444,10.085423585862744,2.8126004706879115,986.643627583543,23.77350269189626,20.52742035285537,8.52742035285537,13.24679368558886,10.41782385313389,4.41782385313389,3.0382353071519517,3.0382353071519517,2.101896309026969,2.101896309026969,1.4031360577908374,1.4031360577908374,82.67372722370898,19.703392636909214,0.0,0.0,0.0,0.0,0.0,0.0,0.0,0.0,16.44910267404264,248.079706864,1.5,2.2777777777777777,2.9444444444444446,0.3333333333333333,-2.24,18,236.14199999999997,1128740.0798763717,4.150985006605914,4.558499847322667,1.7519623240194386,120.21072424715177,12.721161659108086,0.2824862912821778,12.721161659108086,0.2824862912821778,0.5504398148148155,0.27412001244545964,-4.052408352229782,-0.27412001244545964,1.9909,63.371400000000015,248.23800000000008,0,6,0,1,1,2,1,0,1,0,30,31,0,4,0,6,1,0,2,4,0,0,0,0,0,94,0.0,5.563451491696996,0.0,0.0,17.501745733386574,0.0,24.603302367759692,0.0,0.0,0.0,19.267235726288355,12.415343608992675,24.876105397511218,14.599038209025325,1.0512369177139858,2,30.96148809100395,17.501745733386574,0.0,4.899909730850478,0.0,19.597741919954437,6.496859684315945,39.368477375149446,0.0,0.0,26.77777777777778,0.0,5.687386274683562,0.0,0.0,28.134439922687104,0.0,10.114318268765572,56.762821945534746,18.127256122989884,0.0,0.0,0.0,80.52000000000001,90.79147137940856,0.0,34.8468772624982,11.297964162535997,-3.755571656903502,-3.661357709750567,-3.463306996409674,-7.987200648778033,-7.735542459267659,0.0,0,0,0,0,0,0,0,0,0,0,2,2,0,0,0,2,0,0,0,0,0,0,0,0,0,0,0,2,0,0,0,0,0,0,1,0,1,0,0,0,0,0,0,0,0,0,0,0,1,0,0,0,0,0,0,0,0,0,1,1,0,0,0,0,0,0,0,0,0,0,0,0,0,0,0,0,0,0,0,0,0,0,0,0,0,0.4632868452117972
mol_0114,NC(=O)c1ccc(Cl)c([N+](=O)[O-])c1,,2.251972381421884,2.137431024341912,-1.9659201944572877,2.240941457444821,-2.1050435973030397,6.323244281433632,-0.3843138691359528,35.49569126724382,10.17094403904656,3.73196408349975,550.6178650264706,14.196152422706632,10.997136535400733,6.7530654814191875,8.196152422706634,5.34989553990653,3.333432821915842,1.974851383748124,2.3528158567573514,1.1449918871897329,1.4184895491671985,0.6138212149125186,0.7773188890990609,50.95093495700722,14.908855452837393,0.0,0.0,0.0,0.0,0.0,0.0,0.0,0.0,18.536899715399578,199.9988697,1.7692307692307692,2.4615384615384617,3.0,0.0,-1.62,13,195.541,5792.072965017086,4.569926069046947,3.4038877931185616,1.9407868697421933,85.39496574564727,11.38636432350718,0.36559580667274005,11.38636432350718,0.2881736730784149,0.4280914588057452,0.2881736730784149,-1.4182716049382715,-0.36559580667274005,1.3471,46.624300000000005,200.58100000000005,2,5,0,0,0,1,1,0,1,0,18,18,0,3,1,6,0,0,1,2,0,0,0,0,0,68,5.719716975726273,5.022633313741326,2.8236841566564013,5.907179729351506,5.687386274683562,0.0,14.908855452837393,0.0,0.0,0.0,11.600939890232516,12.08483741532659,11.60587019936029,9.035586717328332,1.1965781201448613,1,16.653808058056555,23.195505894267583,0.0,0.0,5.719716975726273,0.0,0.0,38.827659197193775,0.0,0.0,14.692307692307692,5.719716975726273,5.687386274683562,0.0,11.600939890232516,10.830490778169176,0.0,10.114318268765572,14.470264344279476,18.127256122989884,7.846317470397728,0.0,0.0,86.23,35.6671485260771,5.467182539682539,21.016679894179894,9.960043461829176,-2.299418619299572,-1.4182716049382715,-2.615586419753085,0.0,0.0,0.0,0,0,0,0,0,0,0,0,0,0,1,1,0,0,0,1,0,1,0,0,0,0,0,0,0,0,0,1,0,0,0,0,0,0,1,0,0,0,0,0,0,0,0,0,1,0,0,0,0,0,0,0,0,0,0,0,0,0,1,1,0,0,0,0,0,0,0,0,0,0,0,1,0,0,0,0,0,0,0,0,0,0,0,0,0,0.5774714941546268
mol_0115,Cc1cc([N+](=O)[O-])ccc1[N+](=O)[O-],,2.19646619974411,2.1384308291372323,-1.9517696482075728,2.219061042910722,-1.9344276858856237,5.465719524748043,-0.38914108258745894,16.632247773887386,10.16419050312726,3.979692079386042,584.1760102344767,15.118802153517008,12.02742035285537,6.027420352855369,8.49679368558886,5.92751033884018,2.9275103388401797,1.9614331656700552,1.9614331656700552,1.1446568688575849,1.1446568688575849,0.6179719808875563,0.6179719808875563,51.763994378985025,20.228636537531145,0.0,0.0,0.0,0.0,0.0,0.0,0.0,0.0,8.224551337021321,182.032756672,1.3846153846153846,2.076923076923077,2.5384615384615383,0.14285714285714285,-1.9799999999999998,13,176.087,6993.548379985246,3.8194244691736134,3.176550566473556,1.7815394056397549,81.53211967990002,10.77389266817838,0.272299771563301,10.77389266817838,0.272299771563301,1.1576851851851846,0.25830943794337774,-3.1728703703703713,-0.25830943794337774,1.81142,44.487800000000014,182.13500000000005,0,6,0,0,0,0,1,0,1,0,19,19,0,4,0,6,0,0,1,2,0,0,0,0,0,68,0.0,0.0,0.0,0.0,11.374772549367124,0.0,20.228636537531145,0.0,0.0,0.0,0.0,6.851892117295679,27.802983283197538,13.958897766146,0.9332765354735694,1,18.07117343465666,11.374772549367124,0.0,0.0,0.0,6.851892117295679,0.0,43.919344152218024,0.0,0.0,17.23076923076923,0.0,11.374772549367124,0.0,0.0,9.846622097635342,0.0,27.080528654826825,13.788002828718314,18.127256122989884,0.0,0.0,0.0,86.28,43.25308815192744,0.0,19.01876086545729,21.4577343159486,-3.715254629629629,0.0,-3.591458333333332,0.0,-3.1728703703703713,0.0,0,0,0,0,0,0,0,0,0,0,0,0,0,0,0,2,0,0,0,0,0,0,0,0,0,0,0,0,0,0,0,0,0,0,1,0,0,0,0,0,0,0,0,0,0,0,0,0,0,0,0,0,0,0,0,0,0,0,2,2,0,0,0,0,0,0,0,0,0,0,0,0,0,0,0,0,0,0,0,0,0,0,0,0,0,0.5150434173626992
mol_0116,O=[N+]([O-])c1ccc(Cl)cc1,,2.112066060343762,2.008247122283903,-1.8818525938690913,2.140819530584126,-1.8488319833692881,6.30125464847925,-0.3844369741515199,35.49569083440166,10.315524311720976,3.682463305848331,393.7779106905112,11.041451884327381,8.641674649436911,5.397603595455366,6.374785217660715,4.277737405924704,2.6557018789339306,1.4196988193396407,1.797663292348868,0.7638687029623517,0.9528509394669653,0.3819343514811758,0.47642546973348265,39.80300546789574,10.114318268765572,0.0,0.0,0.0,0.0,0.0,0.0,0.0,0.0,17.083974114913396,156.993056048,1.5,2.0,2.4,0.0,-1.09,10,153.524,971.5503877581306,3.344861860188002,2.6626191750189108,1.4481065722834785,68.00752706954967,10.414142101284959,0.2690274269930105,10.414142101284959,0.2690274269930105,0.41148148148148134,0.25830962693941417,-0.9612345679012342,-0.25830962693941417,2.2481999999999998,38.106400000000015,157.55600000000004,0,3,0,0,0,0,1,0,1,0,14,14,0,2,0,4,0,0,1,1,0,0,0,0,0,52,0.0,0.0,0.0,0.0,5.687386274683562,0.0,10.114318268765572,0.0,0.0,0.0,11.600939890232516,12.08483741532659,17.107470729067916,10.406345273498552,0.8906093326725998,1,10.406345273498552,17.28832616491608,0.0,0.0,0.0,0.0,0.0,39.30662641316008,0.0,0.0,14.9,0.0,5.687386274683562,0.0,11.600939890232516,4.923311048817671,0.0,10.114318268765572,5.483034224680881,24.16967483065318,5.022633313741326,0.0,0.0,43.14,28.751296296296296,5.427271352985638,9.452907533383724,10.002660619803478,-0.8570370370370364,0.0,-2.665987654320987,0.0,0.0,0.0,0,0,0,0,0,0,0,0,0,0,0,0,0,0,0,1,0,0,0,0,0,0,0,0,0,0,0,0,0,0,0,0,0,0,1,0,0,0,0,0,0,0,0,0,1,0,0,0,0,0,0,0,0,0,0,0,0,0,1,1,0,0,0,0,0,0,0,0,0,0,0,0,0,0,0,0,0,0,0,0,0,0,0,0,0,0.46360210314198946
mol_0117,Nc1ccc(F)c([N+](=O)[O-])c1,,2.1311082070874128,2.1199904968639216,-1.934776085986944,2.184685386135514,-1.9368518859875226,5.4746979818057895,-0.38706371384512367,19.142214862710325,10.259291167535592,3.7260679088713267,466.9674963849058,12.618802153517006,10.088888244936868,5.088888244936869,7.285468820183674,4.895771394674599,2.5013442036746825,1.64330561708962,1.64330561708962,0.9179298145737672,0.9179298145737672,0.49733932888578836,0.49733932888578836,40.242560562220575,14.504733316440394,0.0,5.719716975726273,0.0,0.0,0.0,0.0,0.0,0.0,6.935959825167062,156.03350562,1.8181818181818181,2.5454545454545454,3.090909090909091,0.0,-1.65,11,151.076,2250.4502666843077,3.1657802085736138,2.531037747759121,1.4289504397924644,68.73077070725144,13.207356386999244,0.3985218330815097,13.207356386999244,0.3063359281272558,0.22703703703703715,0.3063359281272558,-1.605925925925926,-0.3985218330815097,1.3161,37.466800000000006,156.11600000000004,2,4,0,0,0,0,1,0,1,0,16,16,0,3,1,5,0,0,1,2,0,0,0,0,0,58,5.719716975726273,0.0,2.8236841566564013,5.817220841045895,0.0,5.687386274683562,10.114318268765572,0.0,4.39041504767482,0.0,0.0,12.08483741532659,11.729804982346856,9.035586717328332,0.728428109909869,1,16.24968592165955,11.374772549367124,0.0,0.0,0.0,0.0,5.719716975726273,34.05879523280135,0.0,0.0,15.545454545454545,5.719716975726273,15.765187597041944,0.0,0.0,4.923311048817671,0.0,15.931539109811467,4.1122756685106605,18.127256122989884,2.8236841566564013,0.0,0.0,69.16,48.35871315192743,0.0,9.220874905517762,10.440967498110355,-2.339444444444444,-1.605925925925926,-3.075185185185185,0.0,0.0,0.0,0,0,0,1,0,0,0,0,0,0,0,0,0,0,0,1,0,1,0,0,0,0,0,0,0,0,0,0,0,1,0,0,0,0,1,0,0,0,0,0,0,0,0,0,1,0,0,0,0,0,0,0,0,0,0,0,0,0,1,1,0,0,0,0,0,0,0,0,0,0,0,0,0,0,0,0,0,0,0,0,0,0,0,0,0,0.37834177859122825
mol_0118,O=[N+]([O-])c1ccc(O)cc1,,2.155278611894285,2.0109759962008074,-1.8899749885301909,2.1442888600434267,-1.847535578739748,5.344730961358097,-0.3844522096099529,16.628233580200245,10.295264016145975,3.6628018257037738,406.2609223639587,11.74855866551393,9.671958466891548,4.671958466891548,6.9127900201215,4.701127605115884,2.2928793146520214,1.4348407280669588,1.4348407280669588,0.7714396573260106,0.7714396573260106,0.3857198286630053,0.3857198286630053,40.52988398743832,10.114318268765572,0.0,0.0,0.0,0.0,0.0,0.0,0.0,5.1088081911072125,6.914233881913516,139.02694302,1.6,2.2,2.6,0.0,-1.58,10,134.07,1638.0117450396567,2.5740375043587767,2.344994095834573,1.2226169416633605,63.99013535315908,10.457863756613756,0.5079581647909615,10.457863756613756,0.2930921655866182,0.6290740740740739,0.2930921655866182,-1.005483749055177,-0.5079581647909615,1.3003999999999998,34.76120000000001,139.11000000000004,1,4,0,0,0,0,1,0,1,0,15,15,0,3,1,4,0,0,1,2,0,0,0,0,0,52,5.1088081911072125,5.749511833283905,0.0,0.0,7.118585931916196,0.0,10.114318268765572,0.0,0.0,0.0,0.0,12.08483741532659,12.08483741532659,10.406345273498552,0.603610275017809,1,15.515153464605762,5.687386274683562,1.4311996572326342,0.0,0.0,0.0,0.0,34.28399309941875,0.0,5.749511833283905,15.8,0.0,5.687386274683562,5.749511833283905,0.0,11.463318897157517,0.0,10.114318268765572,5.483034224680881,24.16967483065318,0.0,0.0,0.0,63.370000000000005,35.39659486016629,0.0,9.45238000755858,14.342414021164021,-0.9251851851851851,-0.6290740740740739,-3.137129629629629,0.0,0.0,0.0,0,0,0,0,0,0,0,1,0,0,0,0,0,0,0,1,0,0,0,0,0,0,0,0,0,0,0,0,0,0,0,0,0,0,1,0,0,0,0,0,0,0,0,0,0,0,0,0,0,0,0,0,0,0,0,0,0,0,1,1,0,0,0,0,0,1,1,0,0,0,0,0,0,0,0,0,0,0,0,0,0,0,0,0,0,0.47072821158342537
mol_0119,Nc1c(Br)cc([N+](=O)[O-])cc1[N+](=O)[O-],,2.208906217251207,2.201918772813158,-1.9896040548351408,2.334112891747828,-1.982747315253663,9.10371032429633,-0.39324494059769594,79.91873103795523,10.227579461188967,3.880599091757012,552.3692149509836,14.196152422706632,10.352598421364554,7.938594960479258,8.196152422706632,4.984526564094688,3.883097642652125,2.124022199924648,2.9170204694820008,1.262307399283812,1.8361263377394825,0.6931073850565054,1.0686767561228372,43.46633785284504,20.228636537531145,0.0,5.719716975726273,0.0,0.0,0.0,0.0,0.0,15.929943897949348,5.565201268996842,260.9385177080001,1.4285714285714286,2.0714285714285716,2.5,0.0,-1.7,14,257.98699999999997,5469.251793913989,5.911351575143966,3.5797336438830665,1.79140340646303,91.68078813229856,10.77294595616024,0.3922285814814755,10.77294595616024,0.2996512812792479,0.17854922524565398,0.2996512812792479,-1.1132407407407403,-0.3922285814814755,1.8477000000000001,51.86319999999999,262.0189999999999,2,7,0,0,0,0,1,0,1,0,18,18,0,5,1,8,0,0,1,3,0,0,0,0,0,74,5.719716975726273,5.687386274683562,2.8236841566564013,0.0,11.374772549367124,0.0,20.228636537531145,0.0,0.0,0.0,0.0,15.929943897949348,6.042418707663295,23.10327743347149,1.5115045795974296,1,15.411823366632182,32.992102722000034,0.0,0.0,0.0,0.0,5.719716975726273,36.78619346869014,0.0,0.0,13.5,5.719716975726273,17.062158824050687,0.0,15.929943897949348,9.846622097635342,0.0,20.228636537531145,2.7415171123404405,16.557556931159002,2.8236841566564013,0.0,0.0,112.30000000000001,28.30671910430839,2.691851851851852,19.23948223733938,21.438505291005292,-3.017114040060468,0.0,-1.909444444444444,0.0,0.0,0.0,0,0,0,1,0,0,0,0,0,0,0,0,0,0,0,2,0,1,0,0,0,0,0,0,0,0,0,0,0,1,0,0,0,0,1,0,0,0,0,0,0,0,0,0,1,0,0,0,0,0,0,0,0,0,0,0,0,0,2,2,0,0,0,0,0,0,0,0,0,0,0,0,0,0,0,0,0,0,0,0,0,0,0,0,0,0.4959747658190595
mol_0120,O=[N+]([O-])c1c(Cl)c(Cl)c(Cl)c(Cl)c1Cl,,2.112066060343762,2.2652619748785425,-2.045628717649775,2.4702868585568436,-1.922786320839031,6.556971964625319,-0.38414093142187644,35.50256867875547,10.2908990377069,3.682463305848331,390.1682702160744,11.041451884327381,6.153532541473819,9.933177271566093,6.374785217660713,3.0336663519431575,4.923488716989294,2.1756277653580947,4.0654501304042325,1.3692057443015733,3.626004920627489,0.7536094280850221,2.0200221281164508,10.610697323501233,10.114318268765572,0.0,25.11316656870663,0.0,0.0,0.0,0.0,0.0,0.0,58.00469945116258,292.83716664,0.7857142857142857,1.0714285714285714,1.3571428571428572,0.0,0.0699999999999999,14,295.336,971.5503877581306,12.141073205401563,4.289049481140565,1.8772308667996151,103.60070997640511,10.534635928445452,0.30898784352302544,10.534635928445452,0.30898784352302544,0.10283950617283888,0.25821512535158025,-0.7790123456790115,-0.25821512535158025,4.8618,58.14640000000001,295.336,0,3,0,0,0,0,1,0,1,0,14,14,0,2,0,8,0,0,1,1,0,0,0,0,0,76,0.0,10.045266627482652,0.0,0.0,0.0,5.687386274683562,10.114318268765572,0.0,0.0,0.0,58.00469945116258,0.0,0.0,19.99121099004165,3.719547409436942,1,4.923311048817671,63.69208572584615,0.0,0.0,0.0,0.0,0.0,35.227484837472204,0.0,0.0,10.357142857142858,0.0,5.687386274683562,0.0,58.00469945116258,4.923311048817671,0.0,10.114318268765572,0.0,0.0,25.11316656870663,0.0,0.0,43.14,0.0,27.934123204837487,9.75562358276644,9.414203829680025,-0.5483950617283944,0.0,0.0,0.0,0.0,0.0,0,0,0,0,0,0,0,0,0,0,0,0,0,0,0,1,0,0,0,0,0,0,0,0,0,0,0,0,0,0,0,0,0,0,1,0,0,0,0,0,0,0,0,0,5,0,0,0,0,0,0,0,0,0,0,0,0,0,1,1,0,0,0,0,0,0,0,0,0,0,0,0,0,0,0,0,0,0,0,0,0,0,0,0,0,0.32115748100894936
mol_0121,O=[N+]([O-])c1ccccc1Cl,,2.112066060343762,2.0763851014598202,-1.9018561828357559,2.2147150300854594,-1.8656390627409656,6.321141530017587,-0.3842994311103071,35.49569110044258,10.313908788469407,3.682463305848331,393.7779106905112,11.041451884327381,8.641674649436911,5.397603595455366,6.374785217660715,4.277737405924704,2.6557018789339306,1.419698819339641,1.797663292348868,0.8061264156987774,1.0796240776762427,0.4164376294482935,0.5799353036348358,39.80300546789574,10.114318268765572,0.0,0.0,0.0,0.0,0.0,0.0,0.0,0.0,17.083974114913396,156.993056048,1.6,2.2,2.8,0.0,-1.0899999999999999,10,153.524,971.5503877581306,3.344861860188002,2.6626191750189108,1.2473799215558994,68.00752706954967,10.431557067271353,0.28737089380755276,10.431557067271353,0.28737089380755276,0.5685185185185182,0.25826325737041617,-0.9303703703703703,-0.25826325737041617,2.2482000000000006,38.106400000000015,157.55600000000004,0,3,0,0,0,0,1,0,1,0,14,14,0,2,0,4,0,0,1,1,0,0,0,0,0,52,0.0,5.022633313741326,0.0,0.0,5.687386274683562,0.0,10.114318268765572,0.0,0.0,0.0,23.685777305559107,6.042418707663295,6.042418707663295,10.406345273498552,0.8906093326725998,1,10.406345273498552,17.28832616491608,0.0,0.0,0.0,0.0,0.0,39.306626413160075,0.0,0.0,14.9,0.0,5.687386274683562,0.0,11.600939890232516,4.923311048817671,0.0,10.114318268765572,5.483034224680881,24.16967483065318,5.022633313741326,0.0,0.0,43.14,28.69463277903754,5.41824074074074,9.501186696900982,9.863038548752835,-0.7938271604938272,0.0,-2.57216049382716,0.0,0.0,0.0,0,0,0,0,0,0,0,0,0,0,0,0,0,0,0,1,0,0,0,0,0,0,0,0,0,0,0,0,0,0,0,0,0,0,1,0,0,0,0,0,0,0,0,0,1,0,0,0,0,0,0,0,0,0,0,0,0,0,1,1,0,0,0,0,1,0,0,0,0,0,0,0,0,0,0,0,0,0,0,0,0,0,0,0,0,0.46360210314198946
mol_0122,O=[N+]([O-])c1c(Cl)c(Cl)cc(Cl)c1Cl,,2.112066060343762,2.227445797192597,-2.010777618845382,2.415024726150034,-1.9111541450122456,6.489689003217266,-0.3841418032864115,35.50049977278815,10.296113880000721,3.682463305848331,393.7779106905112,11.041451884327381,6.775568068464592,8.79928385253841,6.374785217660712,3.344684115438544,4.356542007475453,1.9866455288534812,3.4985034208903913,1.203286054620695,2.699674423013425,0.6706495832445828,1.5568568793094189,10.610697323501233,10.114318268765572,0.0,26.132951962628603,0.0,0.0,0.0,0.0,0.0,0.0,47.774518117100286,258.87613899200005,1.2307692307692308,1.6153846153846154,1.9230769230769231,0.0,-0.22000000000000003,13,259.88300000000004,971.5503877581306,9.33948651945037,3.881428910052045,1.9925044474829183,94.70241424969124,10.516495338876291,0.3088742433355508,10.516495338876291,0.3088742433355508,0.2844753086419749,0.2582151378691197,-0.8037037037037025,-0.2582151378691197,4.2084,53.13640000000001,260.891,0,3,0,0,0,0,1,0,1,0,14,14,0,2,0,7,0,0,1,1,0,0,0,0,0,70,0.0,10.045266627482652,0.0,0.0,0.0,5.687386274683562,10.114318268765572,0.0,0.0,0.0,46.40375956093006,6.042418707663295,0.0,16.339336232470544,2.7885040755104624,1,6.294069604987891,52.09114583561363,0.0,0.0,0.0,0.0,0.0,36.247270231394175,0.0,0.0,11.23076923076923,0.0,5.687386274683562,0.0,46.40375956093006,4.923311048817671,0.0,10.114318268765572,1.3707585561702202,6.042418707663295,20.090533254965305,0.0,0.0,43.14,7.307996976568406,22.142407407407404,9.71279163517259,9.19026077097506,-0.5839506172839501,0.0,-0.3250617283950612,0.0,0.0,0.0,0,0,0,0,0,0,0,0,0,0,0,0,0,0,0,1,0,0,0,0,0,0,0,0,0,0,0,0,0,0,0,0,0,0,1,0,0,0,0,0,0,0,0,0,4,0,0,0,0,0,0,0,0,0,0,0,0,0,1,1,0,0,0,0,0,0,0,0,0,0,0,0,0,0,0,0,0,0,0,0,0,0,0,0,0,0.4313324711574859
mol_0123,O=[N+]([O-])c1ccc(Cl)c(Cl)c1,,2.112066060343762,2.064036837624666,-1.9298733585907768,2.2521547561138893,-1.8601505266173843,6.416188954889599,-0.384427048198651,35.49826068441477,10.309806827878562,3.682463305848331,395.02302318834774,11.041451884327381,8.019639122446138,6.5314970144830475,6.374785217660714,3.966719642429317,3.2226485884477714,1.6086810558442541,2.364610001862709,0.8940741069289441,1.5577528656524573,0.4503087669755421,0.6815487162165816,28.73795344649112,10.114318268765572,0.0,10.045266627482652,0.0,0.0,0.0,0.0,0.0,0.0,27.31415544897569,190.954083696,1.4545454545454546,2.090909090909091,2.6363636363636362,0.0,-0.8000000000000002,11,188.977,971.5503877581306,4.954820936639118,3.067883356476889,1.8172839506172838,76.90582279626354,10.438833459309649,0.2705217811246272,10.438833459309649,0.2705217811246272,0.3127160493827157,0.258308876852088,-0.9256790123456784,-0.258308876852088,2.901600000000001,43.11640000000001,192.00100000000003,0,3,0,0,0,0,1,0,1,0,14,14,0,2,0,5,0,0,1,1,0,0,0,0,0,58,0.0,0.0,0.0,0.0,5.687386274683562,0.0,10.114318268765572,0.0,0.0,0.0,23.20187978046503,6.042418707663295,12.08483741532659,19.080853344810983,1.3818920623489437,1,9.035586717328332,28.889266055148596,0.0,0.0,0.0,0.0,0.0,38.28684101923811,0.0,0.0,13.454545454545455,0.0,5.687386274683562,0.0,23.20187978046503,4.923311048817671,0.0,10.114318268765572,4.1122756685106605,18.127256122989884,10.045266627482652,0.0,0.0,43.14,21.67858024691358,10.959740488788107,9.51315444696397,9.750530990173848,-0.801481481481481,0.0,-1.8783024691358012,0.0,0.0,0.0,0,0,0,0,0,0,0,0,0,0,0,0,0,0,0,1,0,0,0,0,0,0,0,0,0,0,0,0,0,0,0,0,0,0,1,0,0,0,0,0,0,0,0,0,2,0,0,0,0,0,0,0,0,0,0,0,0,0,1,1,0,0,0,0,0,0,0,0,0,0,0,0,0,0,0,0,0,0,0,0,0,0,0,0,0,0.5065691418971878
mol_0124,O=[N+]([O-])c1cccc(O)c1,,2.1482651039416476,2.025487599054535,-1.8947764245016794,2.1614471590809696,-1.849907961816273,5.363206653734582,-0.3844870438316687,16.62829100213829,10.293618868928439,3.678891125029373,435.51092236395874,11.74855866551393,9.671958466891546,4.671958466891547,6.9127900201215,4.701127605115884,2.2928793146520214,1.4348407280669588,1.4348407280669588,0.7714396573260107,0.7714396573260107,0.40854160189238725,0.40854160189238725,40.52988398743832,10.114318268765572,0.0,0.0,0.0,0.0,0.0,0.0,0.0,5.1088081911072125,6.914233881913515,139.02694302,1.8,2.6,3.2,0.0,-1.58,10,134.07,1628.384948787769,2.5740375043587767,2.344994095834573,1.2226169416633605,63.99013535315908,10.478484504913077,0.5077002302184715,10.478484504913077,0.29309848492433116,0.6753703703703702,0.29309848492433116,-1.009259259259259,-0.5077002302184715,1.3004,34.76120000000001,139.11000000000004,1,4,0,0,0,0,1,0,1,0,15,15,0,3,1,4,0,0,1,2,0,0,0,0,0,52,5.1088081911072125,5.749511833283905,0.0,0.0,7.118585931916196,0.0,10.114318268765572,0.0,0.0,0.0,6.042418707663295,6.042418707663295,6.042418707663295,16.448763981161843,0.603610275017809,1,15.515153464605762,5.687386274683562,1.4311996572326342,0.0,0.0,0.0,0.0,34.28399309941875,0.0,5.749511833283905,15.8,0.0,5.687386274683562,5.749511833283905,0.0,11.463318897157517,0.0,10.114318268765572,5.483034224680881,24.16967483065318,0.0,0.0,0.0,63.370000000000005,35.374049508692366,0.0,9.469225245653817,14.348114134542707,-0.9321759259259255,-0.691944444444444,-3.0672685185185182,0.0,0.0,0.0,0,0,0,0,0,0,0,1,0,0,0,0,0,0,0,1,0,0,0,0,0,0,0,0,0,0,0,0,0,0,0,0,0,0,1,0,0,0,0,0,0,0,0,0,0,0,0,0,0,0,0,0,0,0,0,0,0,0,1,1,0,0,0,0,0,1,1,0,0,0,0,0,0,0,0,0,0,0,0,0,0,0,0,0,0,0.47072821158342537
mol_0125,O=[N+]([O-])c1ccccc1,,2.112066060343762,1.980474943282001,-1.8478890798510976,2.0623608540228284,-1.8426537791853228,5.274712075617297,-0.38443790485489066,16.628198561579225,10.320808823128255,3.682463305848331,390.1682702160744,11.041451884327381,9.263710176427685,4.263710176427685,6.374785217660715,4.588755169420089,2.08875516942009,1.2307165828350273,1.2307165828350273,0.6693775847100449,0.6693775847100449,0.33468879235502247,0.33468879235502247,40.82279086181771,10.114318268765572,0.0,0.0,0.0,0.0,0.0,0.0,0.0,0.0,6.853792780851101,123.0320284,1.4444444444444444,2.0,2.4444444444444446,0.0,-1.38,9,118.07099999999998,971.5503877581306,2.0967769821755518,2.2593342006647616,1.2528322001978998,59.109231342835834,10.396001511715797,0.2689216270439583,10.396001511715797,0.2689216270439583,0.6337037037037037,0.2583096384435056,-0.9859259259259257,-0.2583096384435056,1.5948,33.0964,123.11099999999996,0,3,0,0,0,0,1,0,1,0,14,14,0,2,0,3,0,0,1,1,0,0,0,0,0,46,0.0,0.0,0.0,0.0,5.687386274683562,0.0,10.114318268765572,0.0,0.0,0.0,18.127256122989884,0.0,12.08483741532659,11.777103829668771,0.5263688829995412,1,11.777103829668771,5.687386274683562,0.0,0.0,0.0,0.0,0.0,40.326411807082046,0.0,0.0,16.666666666666668,0.0,5.687386274683562,0.0,0.0,4.923311048817671,0.0,10.114318268765572,6.853792780851101,30.212093538316473,0.0,0.0,0.0,43.14,35.694848828420255,0.0,9.41007558578987,10.396001511715797,-0.8925925925925922,0.0,-3.6083333333333325,0.0,0.0,0.0,0,0,0,0,0,0,0,0,0,0,0,0,0,0,0,1,0,0,0,0,0,0,0,0,0,0,0,0,0,0,0,0,0,0,1,0,0,0,0,0,0,0,0,0,0,0,0,0,0,0,0,0,0,0,0,0,0,0,1,1,0,0,0,0,1,0,0,0,0,0,0,0,0,0,0,0,0,0,0,0,0,0,0,0,0,0.4200757446342405
mol_0126,Cc1cc(O)ccc1[N+](=O)[O-],,2.210638785438958,2.082697319155002,-1.9538109777006574,2.2091973581008664,-1.895273576388484,5.430419056446058,-0.38501740205753143,16.62834081287281,10.176566937534027,3.8728071099894685,512.9861724510841,14.248558665513928,12.171958466891548,5.171958466891548,8.124114885526687,5.951127605115884,2.5428793146520214,1.6848407280669593,1.6848407280669593,0.9523413567635055,0.9523413567635055,0.5193788932757607,0.5193788932757607,46.9028088887677,10.114318268765572,0.0,0.0,0.0,0.0,0.0,0.0,0.0,5.1088081911072125,9.655750994253955,153.042593084,1.9090909090909092,2.727272727272727,3.272727272727273,0.14285714285714285,-1.58,11,146.081,5049.098985942581,2.4770158195124625,2.5740375043587767,1.4595312570970036,73.1650184678913,10.774530423280423,0.5079477187417502,10.774530423280423,0.2930924179231872,0.7946990740740738,0.2930924179231872,-3.0175925925925933,-0.5079477187417502,1.6088200000000001,39.49820000000002,153.13700000000006,1,4,0,0,0,0,1,0,1,0,18,18,0,3,1,4,0,0,1,2,0,0,0,0,0,58,5.1088081911072125,5.749511833283905,0.0,0.0,7.118585931916196,0.0,10.114318268765572,0.0,0.0,0.0,0.0,18.93672953262227,15.718145867870948,9.035586717328332,0.5796301471195517,1,18.256670576946203,5.687386274683562,1.4311996572326342,0.0,0.0,6.851892117295679,0.0,33.80502588345245,0.0,5.749511833283905,19.454545454545453,0.0,5.687386274683562,5.749511833283905,0.0,11.463318897157517,0.0,16.966210386061253,13.788002828718314,18.127256122989884,0.0,0.0,0.0,63.370000000000005,50.1807846749811,0.0,9.643421674225245,14.684080687830686,-2.1374537037037027,-0.7946990740740738,-2.808541666666666,0.0,-3.0175925925925933,0.0,0,0,0,0,0,0,0,1,0,0,0,0,0,0,0,1,0,0,0,0,0,0,0,0,0,0,0,0,0,0,0,0,0,0,1,0,0,0,0,0,0,0,0,0,0,0,0,0,0,0,0,0,0,0,0,0,0,0,1,1,0,0,0,0,0,1,1,0,0,0,0,0,0,0,0,0,0,0,0,0,0,0,0,0,0,0.49199992499635514
mol_0127,Cc1ccccc1[N+](=O)[O-],,2.1712453423467966,2.0544956939461456,-1.920843107939242,2.14384735902141,-1.8898886273081252,5.376497496512297,-0.385002518312791,16.628304900813294,10.192854460907334,3.8558408071727808,496.22118143203755,13.54145188432738,11.763710176427683,4.763710176427684,7.586110083065902,5.838755169420089,2.33875516942009,1.4807165828350277,1.4807165828350277,0.8502792841475397,0.8502792841475397,0.44283233881378636,0.44283233881378636,47.195715763147085,10.114318268765572,0.0,0.0,0.0,0.0,0.0,0.0,0.0,0.0,9.59530989319154,137.047678464,1.7,2.4,3.0,0.14285714285714285,-1.38,10,130.082,3005.0035538079665,2.0514226647277454,2.4731969036707446,1.1271362188713587,68.28411445756807,10.712668178382463,0.271791321288604,10.712668178382463,0.271791321288604,0.7993287037037036,0.2583009410225935,-2.973425925925926,-0.2583009410225935,1.9032200000000001,37.83340000000001,137.13800000000006,0,3,0,0,0,0,1,0,1,0,17,17,0,2,0,3,0,0,1,1,0,0,0,0,0,52,0.0,0.0,0.0,0.0,5.687386274683562,0.0,10.114318268765572,0.0,0.0,0.0,18.127256122989884,6.851892117295679,15.718145867870948,10.406345273498552,0.5073572182524648,1,14.51862094200921,5.687386274683562,0.0,0.0,0.0,6.851892117295679,0.0,39.847444591115746,0.0,0.0,20.6,0.0,5.687386274683562,0.0,0.0,4.923311048817671,0.0,16.966210386061253,15.158761384888534,24.16967483065318,0.0,0.0,0.0,43.14,50.45987197656841,0.0,9.601117252456536,10.712668178382463,-2.0652777777777773,0.0,-3.4849537037037024,0.0,-2.973425925925926,0.0,0,0,0,0,0,0,0,0,0,0,0,0,0,0,0,1,0,0,0,0,0,0,0,0,0,0,0,0,0,0,0,0,0,0,1,0,0,0,0,0,0,0,0,0,0,0,0,0,0,0,0,0,0,0,0,0,0,0,1,1,0,0,0,0,1,0,0,0,0,0,0,0,0,0,0,0,0,0,0,0,0,0,0,0,0,0.4379118656914492
mol_0128,Cc1ccc(C)c([N+](=O)[O-])c1,,2.180982877347022,2.0778615733907264,-1.9607119672405533,2.175351338786012,-1.908681364094695,5.412283061058284,-0.3850321585474232,16.628313342081814,10.129692069928456,3.9897832036362852,575.0261088182182,16.04145188432738,14.263710176427683,5.263710176427684,8.79743494847109,7.088755169420089,2.58875516942009,1.7307165828350277,1.7307165828350277,0.97527928414754,0.97527928414754,0.5332831885325338,0.5332831885325338,53.56864066447647,10.114318268765572,0.0,0.0,0.0,0.0,0.0,0.0,0.0,0.0,12.33682700553198,151.063328528,1.6363636363636365,2.4545454545454546,3.0,0.25,-1.38,11,142.093,8913.67701971728,2.0617226894149607,2.6981307613188696,1.548321646793812,77.45899757230026,10.939283824640967,0.27205696568032206,10.939283824640967,0.27205696568032206,0.9979629629629623,0.2583007971607945,-3.098851095993954,-0.2583007971607945,2.21164,42.57040000000002,151.16500000000008,0,3,0,0,0,0,1,0,1,0,20,20,0,2,0,3,0,0,1,1,0,0,0,0,0,58,0.0,0.0,0.0,0.0,5.687386274683562,0.0,10.114318268765572,0.0,0.0,0.0,12.08483741532659,19.267235726288355,19.830421536381607,9.035586717328332,0.5057088554199614,1,17.26013805434965,5.687386274683562,0.0,0.0,0.0,13.703784234591359,0.0,39.368477375149446,0.0,0.0,23.818181818181817,0.0,5.687386274683562,0.0,0.0,4.923311048817671,0.0,23.818102503356933,23.46372998892597,18.127256122989884,0.0,0.0,0.0,43.14,65.55716695011338,0.0,9.72773289871504,10.939283824640967,-3.356643518518517,0.0,-3.2428935185185175,0.0,-6.1246466364323515,0.0,0,0,0,0,0,0,0,0,0,0,0,0,0,0,0,1,0,0,0,0,0,0,0,0,0,0,0,0,0,0,0,0,0,0,1,0,0,0,0,0,0,0,0,0,0,0,0,0,0,0,0,0,0,0,0,0,0,0,1,1,0,0,0,0,0,0,0,0,0,0,0,0,0,0,0,0,0,0,0,0,0,0,0,0,0,0.4558415924169075
mol_0129,NC(=O)c1cccnc1,,2.1373819544054995,1.9437386463068345,-1.8828148839948537,1.907963817412707,-2.0997622651802295,5.917460405424664,0.0999728357080012,16.146291381867304,10.272056920806532,3.4256201837687086,420.573413213669,11.748558665513928,10.30267548146378,4.302675481463779,6.857948465255108,5.019371729481784,2.124944538481868,1.2655627610334514,1.2655627610334514,0.6808739686784291,0.6808739686784291,0.33149323941460496,0.33149323941460496,35.90125905800461,4.794537184071822,0.0,5.719716975726273,0.0,0.0,0.0,0.0,0.0,4.9839785209472085,8.306718381337282,122.048012812,2.0,2.888888888888889,3.6666666666666665,0.0,-1.38,9,116.079,1551.7392988983927,1.8001833271879264,2.2593342006647616,1.2528322001978998,61.06334227738012,11.176001511715798,0.36555064039965735,11.176001511715798,0.2497619496515242,0.2954837490551778,0.2497619496515242,-1.2166666666666666,-0.36555064039965735,0.18050000000000016,32.7549,122.12699999999997,2,3,0,0,0,1,0,1,1,0,15,15,0,2,1,3,1,0,1,1,0,0,0,0,0,46,5.719716975726273,0.0,2.8236841566564013,5.907179729351506,0.0,0.0,9.77851570501903,0.0,0.0,0.0,0.0,12.08483741532659,12.345790421629522,11.046485716377875,0.451912862064685,1,13.101255565409103,5.907179729351506,0.0,4.9839785209472085,5.719716975726273,0.0,0.0,29.994079328653108,0.0,0.0,17.77777777777778,5.719716975726273,0.0,0.0,0.0,10.891158250298714,0.0,0.0,15.841022900449696,24.430627836956113,2.8236841566564013,0.0,0.0,55.980000000000004,42.207203325774756,0.0,14.425075585789871,0.0,-0.9056689342403625,-1.2166666666666666,-1.2586111111111111,-1.2513321995464848,0.0,0.0,0,0,0,0,0,1,0,0,0,0,1,1,0,0,0,1,0,1,0,0,0,0,0,0,0,0,0,1,0,0,0,0,0,0,0,0,0,0,0,0,0,0,0,0,0,0,0,0,0,0,0,0,0,0,0,0,0,0,0,0,0,0,0,0,0,0,0,0,0,0,0,1,0,1,0,0,0,0,0,0,0,0,0,0,0,0.5772627921564857
mol_0130,O=[N+]([O-])c1cc2c(ccc3ccccc32)o1,,2.842599797779986,2.1414466524331783,-1.957171525526827,2.3038112284030334,-1.8167163705684655,6.0586340389432465,-0.40102724302639614,16.648242429065856,10.075801665593032,2.758471128595376,1027.5599163357388,17.212660280651686,14.671958466891548,7.671958466891548,10.679315670301026,7.747003459883953,4.247003459883953,2.993448567341429,2.993448567341429,2.0620851922196595,2.0620851922196595,1.3968928098279163,1.3968928098279163,58.68744434596398,10.114318268765572,0.0,16.158672643394386,0.0,0.0,0.0,0.0,0.0,0.0,14.012460830244887,213.042593084,1.1875,2.0,2.8125,0.0,-2.3599999999999994,16,206.13599999999997,137527.8208163935,4.251632059333991,3.064489164884434,1.1644591612103254,100.07683067071866,10.929378831779626,0.43366351798510044,10.929378831779626,0.43366351798510044,0.2279166666666661,0.4006352006792974,-0.9554407596371886,-0.4006352006792974,3.494200000000001,60.37440000000002,213.19200000000004,0,4,0,0,0,0,2,1,3,0,23,25,0,3,0,4,1,0,3,1,0,0,0,0,0,78,4.417150937053347,10.506331190459914,0.0,0.0,0.0,5.884182201861009,10.114318268765572,0.0,0.0,0.0,30.212093538316473,16.814867136592888,5.386224214464796,15.637728600854834,0.8143175236815193,3,18.935771879062557,27.625874986897642,0.0,0.0,0.0,0.0,0.0,52.411249222408635,0.0,0.0,17.125,0.0,5.884182201861009,0.0,0.0,4.923311048817671,0.0,10.114318268765572,9.59530989319154,46.71408189069641,0.0,21.74169278503663,0.0,56.28,59.753248929201305,0.0,9.973938072142438,10.17127509028303,-0.41274943310657597,-0.9372118291761147,-4.048500829344082,0.0,0.0,0.0,0,0,0,0,0,0,0,0,0,0,0,0,0,0,0,1,0,0,0,0,0,0,0,0,0,0,0,0,0,0,0,0,0,0,2,0,3,0,0,0,0,0,1,0,0,0,0,0,0,0,0,0,0,0,0,0,0,0,1,0,0,0,0,0,0,0,0,0,0,0,0,0,0,0,0,0,0,0,0,0,0,0,0,0,0,0.4588339118278573
mol_0131,Cc1ccc([N+](=O)[O-])cc1,,2.122784755667628,2.001033137145951,-1.8954747370017104,2.0969733888482116,-1.8566708746107712,5.314779213273796,-0.384445419634594,16.628201735353308,10.213610243261275,3.7730385538035334,466.9711814320376,13.541451884327381,11.763710176427685,4.763710176427685,7.586110083065902,5.838755169420089,2.3387551694200894,1.4807165828350275,1.4807165828350275,0.794377584710045,0.794377584710045,0.39718879235502247,0.39718879235502247,47.195715763147085,10.114318268765572,0.0,0.0,0.0,0.0,0.0,0.0,0.0,0.0,9.59530989319154,137.047678464,1.6,2.2,2.6,0.14285714285714285,-1.38,10,130.082,2886.987267707974,2.0514226647277454,2.4731969036707446,1.3128403334329586,68.28411445756807,10.566282123960695,0.26894145561733507,10.566282123960695,0.26894145561733507,0.8073148148148144,0.25830963621589803,-2.8522864701436124,-0.25830963621589803,1.90322,37.83340000000002,137.13800000000006,0,3,0,0,0,0,1,0,1,0,17,17,0,2,0,3,0,0,1,1,0,0,0,0,0,52,0.0,0.0,0.0,0.0,5.687386274683562,0.0,10.114318268765572,0.0,0.0,0.0,17.648288907023584,6.851892117295679,16.197113083837248,10.406345273498552,0.5073572182524648,1,14.51862094200921,5.687386274683562,0.0,0.0,0.0,6.851892117295679,0.0,39.847444591115746,0.0,0.0,20.6,0.0,5.687386274683562,0.0,0.0,4.923311048817671,0.0,16.966210386061253,15.158761384888534,24.16967483065318,0.0,0.0,0.0,43.14,50.58538643235072,0.0,9.500849395313681,10.566282123960695,-1.8276851851851843,0.0,-3.7225462962962954,0.0,-2.8522864701436124,0.0,0,0,0,0,0,0,0,0,0,0,0,0,0,0,0,1,0,0,0,0,0,0,0,0,0,0,0,0,0,0,0,0,0,0,1,0,0,0,0,0,0,0,0,0,0,0,0,0,0,0,0,0,0,0,0,0,0,0,1,1,0,0,0,0,0,0,0,0,0,0,0,0,0,0,0,0,0,0,0,0,0,0,0,0,0,0.4379118656914492
mol_0132,CCN(Cc1c(F)cccc1Cl)c1c([N+](=O)[O-])cc(C(F)(F)F)cc1[N+](=O)[O-],,2.730306744253227,2.3877235324903916,-2.2368951702257127,2.4337787201324437,-2.250590806964573,6.309332222574331,-0.39261024927448135,35.495692114295956,10.081021982815619,3.4248883592723343,1367.7973290659781,31.66025403784439,24.864456313401462,13.620385259419916,17.75555349946514,12.543241914613185,6.921206387622412,4.619780499846841,4.9977449728560694,2.9265222721838673,3.2099956269407874,1.8284360386833527,2.000899155386371,110.00945133240523,33.3998816805556,4.39041504767482,0.0,0.0,0.0,0.0,0.0,0.0,0.0,28.050042564275152,421.0452464240003,1.25,1.8214285714285714,2.2857142857142856,0.25,-2.95,28,409.6380000000001,71320554.01510139,10.007568452879452,7.966212724107353,4.300278912667481,176.8391047389507,15.161325795750399,0.4164144436682151,15.161325795750399,0.4164144436682151,1.04931216931217,0.35612279115262635,-5.852456961236952,-0.35612279115262635,5.340800000000003,92.88680000000002,421.73399999999987,0,7,0,0,0,0,2,0,2,0,40,41,0,5,0,12,0,0,2,6,0,0,0,0,0,150,4.899909730850478,5.817220841045895,5.687386274683562,0.0,11.374772549367124,6.176298517443475,20.228636537531145,4.39041504767482,13.171245143024459,0.0,17.643358597895812,18.93672953262227,42.51843437024792,25.005383482523875,2.8472292552394154,2,43.85738496237729,28.6630987142832,0.0,0.0,0.0,19.525050319055097,11.396769415166423,72.40748721402882,0.0,0.0,19.035714285714285,4.899909730850478,34.62381901474997,0.0,11.600939890232516,16.343481781951287,12.67315820175942,26.04585737857704,34.42789777473231,30.212093538316473,5.022633313741326,0.0,0.0,89.52,149.61201846142282,5.757274910312727,18.83203236903032,22.312420061144202,-11.520889840514734,-2.169672671537751,-8.815987178330927,-5.852456961236952,-13.043628039178643,0.0,0,0,0,0,0,0,0,0,0,0,0,0,0,0,0,3,0,0,0,0,0,0,0,0,0,3,0,0,0,1,0,0,0,0,2,0,0,0,0,0,0,0,0,0,5,0,0,0,0,0,0,0,0,0,0,0,0,0,2,2,0,0,0,0,0,0,0,0,0,0,0,0,0,0,0,0,0,0,0,0,0,0,0,0,0,0.3565164556015876
mol_0133,CCOC(=O)COC(=O)c1cc(Oc2ccc(C(F)(F)F)cc2Cl)ccc1[N+](=O)[O-],,2.815833776669746,2.3094002772563273,-2.1174214853258597,2.3679415534799224,-2.168895704662209,6.316902546532734,-0.38476155508354987,35.49569226270929,10.141407067307442,2.7275615281697987,1504.3109078308576,33.781574381404035,26.816809520783906,14.572738466802363,19.18496983998418,13.477677277293996,7.355641750303224,4.660931499056496,5.038895972065722,2.7499828422416837,3.016116753727343,1.6103613679859896,1.7906738828549726,112.59854122965956,32.87463777993368,0.0,0.0,0.0,0.0,0.0,0.0,0.0,9.473725907600098,34.157664074245425,447.0332640960004,1.2666666666666666,2.0,2.6333333333333333,0.2222222222222222,-3.339999999999999,30,434.6450000000001,300845201.24963504,10.617901704995948,9.438610138809011,5.830131408302304,190.05929456089055,13.277406393082462,0.46346544876815987,13.277406393082462,0.4159664528857091,1.286998529491228,0.4159664528857091,-5.352001809495334,-0.46346544876815987,4.779200000000003,96.53990000000003,447.74899999999985,0,8,0,0,0,0,2,0,2,0,43,44,0,7,0,12,0,0,2,7,0,0,0,0,0,160,14.210588861400147,17.062475158264807,6.558985242916289,0.0,5.687386274683562,18.114909093347173,10.114318268765572,9.589074368143644,13.171245143024459,0.0,11.600939890232516,31.02156694794886,16.197113083837248,35.77596665887449,3.3406078228550746,2,59.71408065159883,29.226936740819774,0.0,0.0,0.0,13.028190634739154,13.117970485832577,62.518366811880654,0.0,11.49902366656781,18.6,4.736862953800049,18.858631417708022,11.49902366656781,11.600939890232516,29.979892110553944,20.444561609115393,10.114318268765572,40.59319351497437,36.25451224597977,5.022633313741326,0.0,0.0,104.97,150.17777850840483,5.710172559564278,34.95691481783501,10.311103754629016,-5.414114973879655,-7.514798239850533,-9.3248746118283,-5.352001809495334,-11.605735560934848,0.0,0,0,0,0,0,0,0,0,0,0,2,2,0,0,0,1,0,0,0,0,0,0,0,0,0,3,0,0,0,0,0,0,0,0,2,0,0,0,0,0,2,3,0,0,4,0,0,0,0,0,0,0,0,0,0,0,0,0,1,1,0,0,0,0,0,0,0,0,0,0,0,0,0,0,0,0,0,0,0,0,0,0,0,0,0,0.34143862082417165
mol_0134,O=C1C(=NNc2cc([N+](=O)[O-])ccc2O)C(S(=O)(=O)O)=Cc2cc(S(=O)(=O)O)cc(Nc3nc(Cl)nc(Cl)n3)c21,,3.0307316545300758,2.3569650481926145,-2.20173907940266,2.3506260502400367,-2.279503297379237,7.908763410150752,-0.3843948785185101,35.496854640179215,9.925995728666402,2.2417723252230184,2337.758014271818,38.6514533904776,29.285403600084518,21.430254653976878,23.585565507575723,14.58845626324834,13.04170972780301,6.861557144867913,10.170673710506188,4.312733696741334,6.150330782014135,2.788565684529815,4.189244340230043,138.59218169797632,31.74444942149527,0.0,5.309813353288376,0.0,0.0,0.0,0.0,0.0,34.2722126196023,38.54371424584066,630.9385869120001,1.05,1.75,2.375,0.0,-4.27,40,621.2880000000001,37699571762.92511,17.426319182503683,10.369191895833325,5.980410790193352,248.23738820893718,14.233532393410036,0.5057068251132368,14.233532393410036,0.29641698822925744,0.10971946432128643,0.29641698822925744,-5.732138940554791,-0.5057068251132368,2.6756,139.06129999999996,632.3760000000005,5,17,1,0,1,0,2,1,3,0,51,54,0,16,5,21,1,0,4,10,0,0,0,0,0,208,10.418621544395588,16.342034621857515,8.535369159427104,25.16115618190522,27.354839649983308,0.0,29.437732939143565,0.0,36.888937057239225,0.0,0.0,52.94465914118748,12.08483741532659,29.29418362773732,4.51742119103555,4,51.820547226246056,83.99563329874051,4.293598971697903,14.951935562841626,5.101407525739723,4.895483475517775,10.728629499680805,66.9256239444546,0.0,5.749511833283905,18.4,10.728629499680805,23.010498105037183,5.749511833283905,23.20187978046503,63.855839717706395,20.236253718067108,10.114318268765572,24.14599150448713,45.114121053464025,13.390856796744918,8.914471060500835,0.0,264.2699999999999,146.4635942858298,11.505198274578014,31.5792819536814,17.58393667783625,-8.881040375655372,-4.117105092130015,-8.665096780838924,0.0,0.0,-11.246546721078928,0,0,0,0,0,3,0,1,0,0,1,1,0,0,0,5,2,0,0,0,0,0,0,0,0,0,1,0,0,3,0,0,0,0,2,0,1,0,0,0,0,0,0,0,2,0,1,0,0,0,0,1,1,0,0,0,0,0,1,1,0,0,0,0,0,1,1,0,0,0,0,0,0,0,0,0,0,0,0,0,0,0,0,0,0,0.1084458035736937
mol_0135,O=C(O)c1c(Cl)ccc(Cl)c1Cl,,2.2319351642651286,2.1493891269697407,-2.017051025265157,2.3048827724522956,-1.9817804069229479,6.454828587072869,0.06970537432521373,35.49901508129502,10.200128963781253,3.5951207107740153,406.9739658861558,11.74855866551393,8.450389999955407,7.718176838010771,6.9127900201214985,4.133443290441567,3.8590884190053854,1.8544041880791053,2.988297607106788,1.1178029039554442,2.159446135688185,0.6124303473956914,1.2403097540980004,12.011723995615144,4.794537184071822,0.0,26.67377014058427,0.0,0.0,0.0,0.0,0.0,5.1088081911072125,38.97553644027062,223.919862376,1.4166666666666667,2.0,2.5833333333333335,0.0,-0.4400000000000001,12,222.434,1763.2287797694516,6.080830817534114,3.5193222712315353,1.6571400021196387,87.96348152540904,11.089026203073821,0.47756153262486345,11.089026203073821,0.3382977817166812,0.27179012345678966,0.3382977817166812,-1.1246296296296292,-0.47756153262486345,3.3450000000000006,48.43130000000001,225.45800000000003,1,2,0,0,0,0,1,0,1,0,15,15,0,2,1,5,0,0,1,1,0,0,0,0,0,64,5.1088081911072125,0.0,0.0,0.0,1.4311996572326342,5.969305287951849,0.0,4.794537184071822,0.0,0.0,34.802819670697545,12.08483741532659,0.0,23.372868545261415,1.783366943644906,1,12.644862487519474,40.7721249586494,1.4311996572326342,0.0,0.0,0.0,0.0,32.71618884824756,0.0,0.0,13.083333333333334,0.0,0.0,0.0,34.802819670697545,11.078113479059063,0.0,0.0,13.099505788109257,12.08483741532659,15.067899941223978,1.4311996572326342,0.0,37.3,21.10855631141346,16.85414336104812,11.089026203073821,2.768276643990931,-0.37561728395061666,-1.1246296296296292,-0.8197556059460811,0.0,0.0,0.0,0,0,0,0,1,0,0,0,1,1,1,0,0,0,0,0,0,0,0,0,0,0,0,0,0,0,0,0,0,0,0,0,0,0,1,0,0,0,0,0,0,0,0,0,3,0,0,0,0,0,0,0,0,0,0,0,0,0,0,0,0,0,0,0,0,0,0,0,0,0,0,0,0,0,0,0,0,0,0,0,0,0,0,0,0,0.7443444171405048
mol_0136,O=C(O)c1ccc([N+](=O)[O-])cc1,,2.2585839134097436,2.062431191831327,-1.9187427647441213,2.107810032489505,-1.955632522069848,5.872557989429254,-0.38444048338485587,16.628247606870723,10.18954814761874,3.701244949763487,488.47089721283515,13.325908934703556,10.580206757355409,5.58020675735541,7.823473622644459,5.155251750347816,2.7470034598839526,1.7681740614002928,1.7681740614002928,0.9985017299419767,0.9985017299419767,0.49925086497098836,0.49925086497098836,46.313128933803256,14.908855452837393,0.0,0.0,0.0,0.0,0.0,0.0,0.0,5.1088081911072125,6.914233881913516,167.02185764,1.5833333333333333,2.1666666666666665,2.5833333333333335,0.0,-1.9099999999999997,12,162.07999999999998,4110.622722405734,3.6613433118979954,2.99667013888714,1.5708289759166219,74.51659956759944,11.054448223733939,0.4776392031733409,11.054448223733939,0.33518681796768635,0.8049999999999995,0.33518681796768635,-1.4056500377928949,-0.4776392031733409,1.293,40.05570000000001,167.12000000000003,1,5,0,0,0,0,1,0,1,0,17,17,0,4,1,5,0,0,1,2,0,0,0,0,0,62,5.1088081911072125,0.0,0.0,0.0,7.118585931916196,5.969305287951849,10.114318268765572,4.794537184071822,0.0,0.0,0.0,12.08483741532659,12.08483741532659,15.969796765195545,0.9143198475815723,1,20.309690648677584,11.656691562635412,1.4311996572326342,0.0,0.0,0.0,0.0,39.847444591115746,0.0,0.0,14.833333333333334,0.0,5.687386274683562,0.0,0.0,16.001424527876733,0.0,10.114318268765572,15.841022900449696,24.16967483065318,0.0,1.4311996572326342,0.0,80.44,35.53070468002016,0.0,20.52499440980096,14.086218899596876,-1.8313605442176866,-1.4056500377928949,-3.7382407407407383,0.0,0.0,0.0,0,0,0,0,1,0,0,0,1,1,1,0,0,0,0,1,0,0,0,0,0,0,0,0,0,0,0,0,0,0,0,0,0,0,1,0,0,0,0,0,0,0,0,0,0,0,0,0,0,0,0,0,0,0,0,0,0,0,1,1,0,0,0,0,0,0,0,0,0,0,0,0,0,0,0,0,0,0,0,0,0,0,0,0,0,0.5311522869582357
mol_0137,CC1(C)NC(=O)N(c2ccc([N+](=O)[O-])c(C(F)(F)F)c2)C1=O,,2.765241900925852,2.46243940350262,-2.1691524415090955,2.386991370401664,-2.399189708099852,6.225914073616211,-0.3875920114035277,19.41318810447304,10.059794055729007,3.02787598231535,1025.3220968350265,25.350852961085884,20.108527367383008,10.108527367383008,14.151494223968113,10.129197753647647,5.181984158147689,3.9474329919961075,3.9474329919961075,2.436398082960441,2.436398082960441,1.5307589050407295,1.5307589050407295,87.5558165431183,32.87463777993368,0.0,0.0,0.0,0.0,0.0,0.0,0.0,0.0,13.74866908386018,317.06234046000026,1.4545454545454546,2.090909090909091,2.5454545454545454,0.3333333333333333,-2.6499999999999995,22,307.14300000000003,2325723.2922250936,7.073522115679512,4.681462447745509,2.4680661151087757,135.50530827144127,13.464918863378685,0.42257558768201336,13.464918863378685,0.42257558768201336,0.6315353363567655,0.32333309750210937,-5.712945601851856,-0.32333309750210937,2.4484000000000004,68.1951,317.22299999999984,1,7,0,1,1,3,1,0,1,0,32,33,0,4,1,10,1,0,2,2,0,1,1,0,0,118,5.309813353288376,11.102376744080342,1.4118420783282006,0.0,11.594566004035068,12.207413029781547,14.908855452837393,9.694446914922299,13.171245143024459,0.0,0.0,25.78862164991795,14.266970044684614,14.722972992011892,1.5052012799023182,2,41.432299643845965,23.313066791056702,0.0,5.309813353288376,0.0,25.419008004418178,4.899909730850478,33.80502588345245,0.0,0.0,25.772727272727273,10.209723084138854,29.340554876463408,0.0,0.0,22.400530542890593,10.970835701515297,10.114318268765572,31.60406273182033,18.127256122989884,1.4118420783282006,0.0,0.0,92.55000000000001,115.57679280500845,0.0,34.147427325134984,10.244459834898146,-10.138302390400607,-2.290854119425549,-7.610909391534391,-5.712945601851856,-7.8823351284958445,0.0,0,0,0,0,0,0,0,0,0,0,2,2,0,0,0,2,1,0,0,0,0,0,0,0,0,3,0,3,0,1,0,0,0,0,1,0,0,0,0,0,0,0,0,0,3,0,0,0,1,0,0,0,0,0,0,0,0,0,1,1,0,0,0,0,0,0,0,0,0,0,0,0,0,0,0,0,0,0,0,0,0,0,0,0,1,0.5149371381813627
mol_0138,O=[N+]([O-])c1ccc(Oc2c(Cl)cc(Cl)cc2Cl)cc1,,2.554987790312304,2.111793839408686,-2.0919885252496386,2.3830213112801326,-1.8934791006815108,6.397436106050429,-0.3844491648454951,35.49797927622855,10.272262070980256,2.741458382395714,865.934457957773,19.212660280651686,14.805851885919228,11.073638723974593,11.500682875346945,7.563950169397794,5.697843588425476,3.0579736554286963,4.191867074456379,1.813250904911874,2.5345009643878074,1.0622589536433313,1.851455411952727,68.40949986353147,10.114318268765572,0.0,5.022633313741326,0.0,0.0,0.0,0.0,0.0,0.0,47.76423396151894,316.94132609200017,1.105263157894737,1.631578947368421,2.1052631578947367,0.0,-1.4899999999999993,19,312.495,206443.01345723416,7.9449957660559045,5.651337098190459,3.288879479716202,131.5946399592195,10.903275491810845,0.4542201567482338,10.903275491810845,0.269195976810983,0.34203287079549605,0.269195976810983,-1.0450494850356558,-0.4542201567482338,5.3473000000000015,74.64240000000001,318.5429999999999,0,4,0,0,0,0,2,0,2,0,25,26,0,3,0,7,0,0,2,3,0,0,0,0,0,98,4.736862953800049,5.749511833283905,5.749511833283905,0.0,5.687386274683562,0.0,10.114318268765572,0.0,0.0,0.0,34.802819670697545,24.16967483065318,17.107470729067916,23.19312901332164,2.3631499640883087,2,17.884725339639036,40.49020594538111,0.0,0.0,0.0,0.0,0.0,61.43673045596932,0.0,11.49902366656781,14.68421052631579,4.736862953800049,5.687386274683562,11.49902366656781,34.802819670697545,4.923311048817671,0.0,10.114318268765572,8.224551337021321,36.25451224597977,15.067899941223978,0.0,0.0,52.370000000000005,51.40165815603526,17.52827885291449,9.85822600677519,9.730157440029377,-1.015730452674897,-1.163973293020911,-4.505283376725174,0.0,0.0,0.0,0,0,0,0,0,0,0,0,0,0,0,0,0,0,0,1,0,0,0,0,0,0,0,0,0,0,0,0,0,0,0,0,0,0,2,0,0,0,0,0,0,1,0,0,3,0,0,0,0,0,0,0,0,0,0,0,0,0,1,1,0,0,0,0,0,0,0,0,0,0,0,0,0,0,0,0,0,0,0,0,0,0,0,0,0,0.5661283620978897
mol_0139,O=[N+]([O-])c1ccc(Oc2ccc(C(F)(F)F)cc2Cl)cc1,,2.562952957227808,2.3060602708805615,-2.1052338446158925,2.360495763718377,-2.040565104990416,6.316794844402706,-0.38444973786932835,35.495691763294694,10.181111288711776,2.768522096540499,958.3278480770257,21.712660280651686,16.683816358928453,10.43974530494691,12.712007740752133,8.502932405902406,5.380896878911634,3.427768251462105,3.805732724471332,1.9941661856736577,2.260300097159318,1.1227679450158716,1.3030804598848549,81.16903526659391,23.28556341179003,0.0,0.0,0.0,0.0,0.0,0.0,0.0,0.0,25.933112737224103,317.0066554240002,1.1904761904761905,1.8095238095238095,2.3333333333333335,0.07692307692307693,-2.2799999999999994,21,310.594,611520.5755945549,8.233042776722003,5.6083957764618715,3.6325313236637,131.2546263287993,12.986090684020185,0.4558016840657039,12.986090684020185,0.4159664528857091,0.9633715986394555,0.4159664528857091,-5.163334721719013,-0.4558016840657039,5.059300000000002,69.62440000000001,317.64999999999986,0,4,0,0,0,0,2,0,2,0,28,29,0,3,0,8,0,0,2,3,0,0,0,0,0,110,4.736862953800049,11.49902366656781,0.0,0.0,5.687386274683562,6.176298517443475,10.114318268765572,0.0,13.171245143024459,0.0,11.600939890232516,30.212093538316473,12.08483741532659,25.10470574744753,2.198769635066552,2,32.42672903883372,17.28832616491608,0.0,0.0,0.0,6.176298517443475,0.0,62.997334027846954,0.0,11.49902366656781,15.904761904761905,4.736862953800049,18.858631417708022,11.49902366656781,11.600939890232516,4.923311048817671,6.176298517443475,10.114318268765572,15.158761384888534,42.29693095364306,5.022633313741326,0.0,0.0,52.370000000000005,97.05785232621693,5.657302077209483,9.739126075229812,9.844225249188412,-2.9514547835254903,-1.9501125913328292,-8.372492520156209,-5.163334721719013,0.0,0.0,0,0,0,0,0,0,0,0,0,0,0,0,0,0,0,1,0,0,0,0,0,0,0,0,0,3,0,0,0,0,0,0,0,0,2,0,0,0,0,0,0,1,0,0,4,0,0,0,0,0,0,0,0,0,0,0,0,0,1,1,0,0,0,0,0,0,0,0,0,0,0,0,0,0,0,0,0,0,0,0,0,0,0,0,0,0.5870403176995606
mol_0140,CCOc1cc(Oc2ccc(C(F)(F)F)cc2Cl)ccc1[N+](=O)[O-],,2.6757800625128167,2.3071651747096658,-2.117913009671689,2.379631313890579,-2.041580699387723,6.316819162247884,-0.38544306384772264,35.49569192759347,10.179782649943043,2.8554444182929855,1191.833669023957,27.419767061838236,22.09206464939232,11.847993595410774,15.646459152619643,11.16118069636627,6.039145169375498,3.8360165419259684,4.213981014935195,2.2949649136723367,2.5610988251579965,1.3567839601275324,1.5370964749965157,94.2870057524265,23.285563411790033,0.0,0.0,0.0,0.0,0.0,0.0,0.0,4.736862953800049,31.416146961904982,361.0328701720003,1.3333333333333333,2.0833333333333335,2.7083333333333335,0.2,-2.4800000000000004,24,350.61500000000007,10007738.527405437,8.064713803179524,6.958713609514642,4.077771673086987,154.7179377877706,13.166724532564249,0.48701558136223005,13.166724532564249,0.41596645288570944,1.1576839647896195,0.41596645288570944,-5.266986102389625,-0.48701558136223005,5.458000000000003,80.79340000000002,361.70299999999986,0,5,0,0,0,0,2,0,2,0,35,36,0,4,0,9,0,0,2,5,0,0,0,0,0,128,9.473725907600098,11.49902366656781,0.0,5.749511833283905,0.0,11.863684792127037,10.114318268765572,0.0,13.171245143024459,0.0,11.600939890232516,31.02156694794886,16.197113083837248,33.03444954653404,2.338334737459414,2,42.64662621731467,17.28832616491608,0.0,0.0,0.0,13.028190634739154,6.558985242916289,56.95491532018366,0.0,17.248535499851716,18.916666666666668,9.473725907600098,18.858631417708022,17.248535499851716,11.600939890232516,11.48229629173396,6.176298517443475,10.114318268765572,27.49368772686509,36.25451224597977,5.022633313741326,0.0,0.0,61.599999999999994,132.0743462108549,5.704856702446137,10.045821086567676,10.216639230984832,-3.3849363797911787,-3.861587550915428,-8.456301803964367,-5.266986102389625,-7.210740282681838,0.0,0,0,0,0,0,0,0,0,0,0,0,0,0,0,0,1,0,0,0,0,0,0,0,0,0,3,0,0,0,0,0,0,0,0,2,0,0,0,0,0,0,2,0,0,4,0,0,0,0,0,0,0,0,0,0,0,0,0,1,1,0,0,0,0,0,0,0,0,0,0,0,0,0,0,0,0,0,0,0,0,0,0,0,0,0,0.523882483430846
mol_0141,O=[N+]([O-])c1ccc(Oc2ccc(C(F)(F)F)cc2[N+](=O)[O-])cc1,,2.5884796560027294,2.3303778790929917,-2.094258558111492,2.374695611038124,-2.056267413412258,5.512623781516384,-0.3854445288533563,19.41318222666131,10.153568842545782,2.893244720391725,1081.236941160095,23.290010549841313,17.56956206234691,10.569562062346913,13.622691343275095,8.902705338817883,5.402705338817883,3.719502597792519,3.719502597792519,2.2011203610996373,2.2011203610996373,1.267840902509528,1.267840902509528,86.75709927635381,33.3998816805556,0.0,0.0,0.0,0.0,0.0,0.0,0.0,0.0,14.332172846991588,328.0307059840002,1.0,1.608695652173913,2.0869565217391304,0.07692307692307693,-3.17,23,321.146,1428737.2309272666,9.078141370615622,5.908533866048711,3.7268839478253537,135.60433582441743,13.08554898585944,0.45012355695610107,13.08554898585944,0.4161652046332198,1.1752234504913075,0.4161652046332198,-5.398334721719014,-0.45012355695610107,4.314100000000002,71.2688,328.2019999999999,0,7,0,0,0,0,2,0,2,0,30,31,0,5,0,10,0,0,2,4,0,0,0,0,0,120,4.736862953800049,5.749511833283905,0.0,5.749511833283905,5.687386274683562,11.863684792127037,20.228636537531145,0.0,13.171245143024459,0.0,0.0,24.16967483065318,18.127256122989884,25.005383482523875,2.332108944741751,2,37.3500400876514,11.374772549367124,0.0,0.0,0.0,6.176298517443475,0.0,68.08901898287121,0.0,11.49902366656781,15.347826086956522,4.736862953800049,24.546017692391583,11.49902366656781,0.0,9.846622097635342,6.176298517443475,20.228636537531145,15.158761384888534,42.29693095364306,0.0,0.0,0.0,95.51,97.05883336678133,0.0,19.437762924002243,22.176786977583475,-5.054564246446461,-2.5940632086167796,-9.876421091584781,-5.398334721719014,0.0,0.0,0,0,0,0,0,0,0,0,0,0,0,0,0,0,0,2,0,0,0,0,0,0,0,0,0,3,0,0,0,0,0,0,0,0,2,0,0,0,0,0,0,1,0,0,3,0,0,0,0,0,0,0,0,0,0,0,0,0,2,2,0,0,0,0,0,0,0,0,0,0,0,0,0,0,0,0,0,0,0,0,0,0,0,0,0,0.6151490468551524
mol_0142,O=[N+]([O-])c1cc([N+](=O)[O-])c(Nc2cc(C(F)(F)F)ccc2Cl)c(C(F)(F)F)c1,,2.622678482665303,2.3987211695961035,-2.1643310926042965,2.4465815885131366,-2.122897698192723,6.329705984072747,-0.39351538806996605,35.495692172863045,10.08123554111668,3.203537039671479,1242.8616420338674,26.66025403784439,18.620385259419916,13.376314205438371,15.261536563608846,9.39481318537239,6.82556406288166,4.704950534634887,5.082915007644114,2.8455660048601183,3.119063666837584,1.7476503486123143,1.8843991796010469,96.62020741999672,46.57112682358007,0.0,0.0,0.0,0.0,0.0,0.0,0.0,0.0,19.866574749411814,428.9951026720002,1.0,1.6071428571428572,2.0714285714285716,0.14285714285714285,-3.0899999999999985,28,423.6120000000001,6439289.3817082625,13.985541019914498,7.144871670845269,4.415040629936128,163.85855346064614,13.753531326110693,0.41841712558473204,13.753531326110693,0.41841712558473204,0.8351695956160246,0.348174670822166,-5.865457530234318,-0.348174670822166,5.937600000000002,84.4895,429.65999999999997,1,7,0,0,0,0,2,0,2,0,34,35,0,5,1,14,0,0,2,4,0,0,0,0,0,150,5.309813353288376,5.687386274683562,1.4118420783282006,0.0,11.374772549367124,12.35259703488695,20.228636537531145,0.0,26.34249028604892,0.0,11.600939890232516,18.127256122989884,6.042418707663295,44.579756157968625,3.56874627980827,2,44.45474724286358,34.35048498896676,0.0,0.0,0.0,12.35259703488695,5.309813353288376,66.59026637298294,0.0,0.0,14.964285714285714,5.309813353288376,49.09203538478317,0.0,11.600939890232516,9.846622097635342,12.35259703488695,20.228636537531145,17.98069576424509,30.212093538316473,6.434475392069527,0.0,0.0,98.31,126.78467504020917,5.620827681895802,19.068528392266593,20.345545991940295,-12.662555429579239,0.0,-9.124478084220371,-11.421432481401144,0.0,0.0,0,0,0,0,0,0,0,0,0,0,0,0,0,0,0,2,1,0,0,0,0,0,0,0,0,6,0,0,0,2,0,0,0,0,2,0,0,0,0,0,0,0,0,0,7,0,0,0,0,0,0,0,0,0,0,0,0,0,2,2,0,0,0,0,0,0,0,0,0,0,0,0,0,0,0,0,0,0,0,0,0,0,0,0,0,0.3683524727158133
mol_0143,CN(c1ccc(Cl)cc1Cl)c1c([N+](=O)[O-])cc([N+](=O)[O-])cc1C(F)(F)F,,2.644969821232998,2.4089583399523073,-2.238350507485979,2.466142542230451,-2.187702797898461,6.3608568405822785,-0.39359183221150523,35.496836203646126,10.074194973277152,3.35817100082872,1213.8763045403578,26.66025403784439,19.864456313401462,13.376314205438371,15.261536563608846,10.043241914613185,6.799170860631639,4.3697804998468435,5.125709445865297,2.7551905661054805,3.2176704645875605,1.7664486284603527,2.1828034332949606,96.4690140024419,33.39988168055561,0.0,0.0,0.0,0.0,0.0,0.0,0.0,0.0,34.16794822982679,408.9843957560002,1.1538461538461537,1.8076923076923077,2.3076923076923075,0.14285714285714285,-2.5899999999999994,26,402.0710000000001,6601236.3307386795,11.192499011574641,6.962842584642697,3.8056821341293063,164.62706933344168,14.003964054757706,0.41842436147825146,14.003964054757706,0.41842436147825146,0.5229782375913334,0.33729325928715803,-5.825577343334455,-0.33729325928715803,5.596500000000003,89.27780000000001,410.13499999999993,0,7,0,0,0,0,2,0,2,0,34,35,0,5,0,12,0,0,2,4,0,0,0,0,0,138,4.899909730850478,5.687386274683562,0.0,0.0,11.374772549367124,6.176298517443475,20.228636537531145,0.0,13.171245143024459,0.0,23.20187978046503,18.127256122989884,22.153154590197527,39.01630466627164,2.9973695671678158,2,33.98393569002157,45.95142487919928,0.0,0.0,0.0,6.176298517443475,11.875736631132725,66.04944819502727,0.0,0.0,16.192307692307693,4.899909730850478,35.92079024175871,0.0,23.20187978046503,16.822448997917586,6.176298517443475,20.228636537531145,16.529519941058755,30.212093538316473,10.045266627482652,0.0,0.0,89.52,103.92811770538998,11.521265418940079,19.02255519601261,21.005432042154176,-9.808332493491225,0.0,-7.238225028694605,-5.825577343334455,-3.8830132747543473,0.0,0,0,0,0,0,0,0,0,0,0,0,0,0,0,0,3,0,0,0,0,0,0,0,0,0,3,0,0,0,2,0,0,0,0,2,0,0,0,0,0,0,0,0,0,5,0,0,0,0,0,0,0,0,0,0,0,0,0,2,2,0,0,0,0,0,0,0,0,0,0,0,0,0,0,0,0,0,0,0,0,0,0,0,0,0,0.4838777336659683
mol_0144,CN(c1ccc(Cl)cc1Br)c1c([N+](=O)[O-])cc([N+](=O)[O-])cc1C(F)(F)F,,2.644969821232998,2.408761704114187,-2.2397362152212943,2.4664397643201004,-2.188163210380137,9.103701859705145,-0.393592126489592,79.9187312394025,10.074502979836089,3.35817100082872,1215.8763045403578,26.66025403784439,19.864456313401462,14.20638179853462,15.261536563608846,10.043241914613185,7.2142046571797644,4.3697804998468435,5.540743242413421,2.7551905661054805,3.517991741065764,1.7664486284603527,2.4970172832811333,95.91910020453298,33.39988168055561,0.0,0.0,0.0,0.0,0.0,0.0,0.0,15.929943897949348,22.567008339594274,452.9338801760002,1.2307692307692308,1.8846153846153846,2.3846153846153846,0.14285714285714285,-2.3999999999999995,26,446.52200000000016,6601236.3307386795,11.342105461251837,7.076871862331877,3.8807498856881577,168.1913507122014,14.025231415868816,0.4184243601555484,14.025231415868816,0.4184243601555484,0.4379087931468888,0.33758740322134834,-5.7977995655566765,-0.33758740322134834,5.705600000000003,91.96780000000003,454.586,0,7,0,0,0,0,2,0,2,0,34,35,0,5,0,12,0,0,2,4,0,0,0,0,0,138,4.899909730850478,5.687386274683562,0.0,0.0,11.374772549367124,6.176298517443475,20.228636537531145,0.0,13.171245143024459,0.0,11.600939890232516,34.057200020939234,26.62587410602994,33.9936713525303,3.0871779614743784,2,33.98393569002157,50.28042888691611,0.0,0.0,0.0,6.176298517443475,11.875736631132725,65.49953439711835,0.0,0.0,16.192307692307693,4.899909730850478,35.92079024175871,0.0,27.530883788181864,16.822448997917586,6.176298517443475,20.228636537531145,16.529519941058755,34.68481305414889,5.022633313741326,0.0,0.0,89.52,103.56914875592747,8.407223923741178,19.187084731334973,22.2217119484068,-9.505768836083817,0.0,-6.891921016348927,-5.7977995655566765,-3.8285688303099032,0.0,0,0,0,0,0,0,0,0,0,0,0,0,0,0,0,3,0,0,0,0,0,0,0,0,0,3,0,0,0,2,0,0,0,0,2,0,0,0,0,0,0,0,0,0,5,0,0,0,0,0,0,0,0,0,0,0,0,0,2,2,0,0,0,0,0,0,0,0,0,0,0,0,0,0,0,0,0,0,0,0,0,0,0,0,0,0.43620946770389324
mol_0145,CCOP(=S)(OCC)Oc1ccc(Cl)c([N+](=O)[O-])c1,,2.5322940731049735,2.2278943552144215,-2.2040607488529136,2.4988126979209677,-2.020177465537448,8.07297138267461,-0.38432980362366803,35.49569228246069,10.287179905327415,3.759779624481215,936.1378928374498,25.662772227887025,21.72188140679232,11.188734124738419,13.973450191901321,10.620406584960719,7.054409659660723,2.5490219840560453,5.710776992070228,1.4261728707747674,3.406459690922216,0.8154424826318961,2.0764578396108706,73.05046054630347,10.114318268765572,0.0,0.0,0.0,0.0,0.0,0.0,0.0,9.047494323423635,45.751404370795875,324.9940578260003,1.5789473684210527,2.210526315789474,2.736842105263158,0.4,-0.7200000000000001,19,312.60600000000005,1406238.6092648,5.578663666511863,7.166356353148536,4.70596076323569,138.83259382038,11.197248163192427,0.4238578146941139,11.197248163192427,0.38004857044251933,0.9415451782564881,0.38004857044251933,-5.241822562358276,-0.4238578146941139,3.9245000000000037,76.27140000000001,325.7099999999998,0,6,0,0,0,0,1,0,1,0,32,32,0,6,0,9,0,0,1,7,0,0,0,0,0,106,4.5237471617118175,10.772145147025231,0.0,0.0,5.687386274683562,6.718607232363179,19.161812592189207,0.0,0.0,0.0,11.600939890232516,25.78862164991795,20.031407425659967,33.67901013550509,2.104141674136115,1,36.31441376416599,35.8137894859179,0.0,0.0,0.0,13.703784234591359,13.117970485832577,33.26420770549679,0.0,5.749511833283905,24.157894736842106,4.5237471617118175,5.687386274683562,5.749511833283905,18.319547122595694,18.04128153465025,20.85435041206228,10.114318268765572,31.523645464804215,18.127256122989884,5.022633313741326,0.0,0.0,70.83,110.33294175174407,10.357549726663784,9.978626580300011,10.255702984935938,-1.2482594009826153,-1.2665583270345178,-3.466843112244897,0.0,-19.85982687004844,0.0,0,0,0,0,0,0,0,0,0,0,0,0,0,0,0,1,0,0,0,0,0,0,0,0,0,0,0,0,0,0,0,0,0,0,1,0,0,0,0,0,0,0,0,0,1,0,0,0,0,0,0,0,0,0,0,0,0,0,1,1,0,0,0,0,0,0,0,0,0,0,0,0,0,0,0,0,0,0,0,0,0,0,0,0,0,0.4295969109304807
mol_0146,COP(=S)(OC)Oc1ccc([N+](=O)[O-])cc1Cl,,2.3654990338435504,2.2073915619309394,-2.181228001233384,2.4947516034851622,-1.974611456783964,8.072830241316563,-0.384438206856526,35.495692250805455,10.289115439173829,3.537414762571032,735.8401122719309,20.662772227887025,16.72188140679232,10.188734124738419,11.473450191901321,8.120406584960719,6.554409659660723,2.344897838824114,5.506652846838295,1.3312039026113367,3.121552786431925,0.6846945279121787,1.609760558061857,60.3046107436447,10.114318268765572,0.0,0.0,0.0,0.0,0.0,0.0,0.0,9.047494323423635,40.26837014611498,296.96275769800025,1.588235294117647,2.235294117647059,2.764705882352941,0.25,-0.72,17,288.58399999999995,115672.90275494961,5.947671446883512,5.7492847273886705,3.6210187390889312,120.48282759091552,10.889838879262806,0.4225301104296931,10.889838879262806,0.37957085280130987,0.8655475245653819,0.37957085280130987,-4.649341695011339,-0.4225301104296931,3.144300000000002,67.0374,297.6559999999998,0,6,0,0,0,0,1,0,1,0,26,26,0,6,0,9,0,0,1,5,0,0,0,0,0,94,13.571241485135452,5.749511833283905,0.0,0.0,5.687386274683562,6.718607232363179,10.114318268765572,0.0,0.0,0.0,11.600939890232516,6.042418707663295,37.967598421730415,22.282771368090973,2.011462153711356,1,30.8313795394851,35.8137894859179,0.0,0.0,0.0,0.0,14.075904917765177,33.26420770549678,0.0,5.749511833283905,20.41176470588235,4.5237471617118175,5.687386274683562,5.749511833283905,18.319547122595694,18.99921596658285,20.85435041206228,10.114318268765572,12.33682700553198,18.127256122989884,5.022633313741326,0.0,0.0,70.83,78.70606174869702,10.423516681363903,9.771113444644516,10.024291354697423,-1.1026562893675986,-0.9406481481481481,-3.1287870055429563,0.0,-4.649341695011339,-6.520216757999498,0,0,0,0,0,0,0,0,0,0,0,0,0,0,0,1,0,0,0,0,0,0,0,0,0,0,0,0,0,0,0,0,0,0,1,0,0,0,0,0,0,0,0,0,1,0,0,0,0,0,0,0,0,0,0,0,0,0,1,1,0,0,0,0,0,0,0,0,0,0,0,0,0,0,0,0,0,0,0,0,0,0,0,0,0,0.47218600872750705
mol_0147,CP(=S)(Oc1ccccc1)Oc1ccc([N+](=O)[O-])cc1,,2.6872827706527755,2.1543054587154034,-2.191271392024862,2.4478009002720817,-1.984725764589821,8.094547899702475,-0.3844478374259665,32.45023610919508,10.295008892247516,2.745883463368866,1128.9590727390153,24.919767061838236,21.435668643319232,11.146592415246873,14.457789656533492,10.768332815139098,7.406436640659721,3.0690071356365087,5.871241408816823,1.6714342071945458,2.964512757199641,0.974530149118528,2.1223023129135647,89.57614231689519,10.114318268765572,0.0,0.0,0.0,0.0,0.0,0.0,0.0,0.0,37.30345308610493,309.0224654940003,1.15,1.7,2.2,0.07692307692307693,-1.9099999999999997,20,297.187,3512816.037797308,5.466146261266822,6.028873075420501,4.046598797823876,137.88640946857058,11.047522106544768,0.43547437187545157,11.047522106544768,0.28431341776429664,0.7866598165003922,0.28431341776429664,-4.799170997102546,-0.43547437187545157,3.991900000000002,81.00340000000003,309.2829999999998,0,5,0,0,0,0,2,0,2,1,32,33,0,5,0,7,0,0,2,5,0,0,0,0,1,104,9.047494323423635,11.49902366656781,0.0,0.0,12.179058710702456,0.0,10.114318268765572,0.0,0.0,0.0,18.127256122989884,35.976530919291825,22.79009360567484,17.26013805434965,1.6477351010430987,2,30.41990804628394,23.985914799341103,0.0,0.0,0.0,0.0,6.592980521837592,64.49608663773523,0.0,11.49902366656781,22.4,9.047494323423635,5.687386274683562,11.49902366656781,6.491672436018894,11.516291570655262,11.806856088638648,10.114318268765572,16.44910267404264,54.38176836896965,0.0,0.0,0.0,61.599999999999994,102.98414352169826,4.977266996304696,9.888369163617387,11.047522106544768,-1.1795619642102324,-2.0092127530024357,-8.850096420914628,0.0,-8.136208427815573,0.0,0,0,0,0,0,0,0,0,0,0,0,0,0,0,0,1,0,0,0,0,0,0,0,0,0,0,0,0,0,0,0,0,0,0,2,0,0,0,0,0,0,0,0,0,0,0,0,0,0,0,0,0,0,0,0,0,0,0,1,1,0,0,0,0,1,0,0,0,0,0,0,0,0,0,0,0,0,0,0,0,0,0,0,0,0,0.4745405577511549
mol_0148,CCN(CC)P1(=S)OCc2cc([N+](=O)[O-])ccc2O1,,2.545311763175765,2.328395440676979,-2.351855547990511,2.5614654832017103,-2.2544530153506237,8.084822195548249,-0.3845108130026682,32.45151634137178,10.16759142245459,2.969214181495339,1061.8290796972556,27.033015715890105,23.88288223881919,10.593806010746832,14.843693679904398,11.941939612889078,7.0328298429097424,2.973442955171246,6.0600280104544995,1.873936635372317,4.236249119923645,1.0858934513777247,2.686067729552826,84.62022034776744,10.114318268765572,0.0,0.0,0.0,0.0,0.0,0.0,0.0,0.0,41.4157287546156,302.04901459000035,1.736842105263158,2.473684210526316,3.1052631578947367,0.45454545454545453,-1.01,19,287.172,3931012.5761015727,4.494854022707645,5.544782426888793,2.790152763352522,137.3142071130286,11.243000858777599,0.4321962950702284,11.243000858777599,0.3153160248955456,0.5861169375157469,0.3153160248955456,-5.253724411060721,-0.4321962950702284,3.070100000000001,75.71940000000004,302.29199999999975,0,6,0,1,1,0,1,0,1,1,34,35,0,5,0,8,1,0,2,4,0,0,0,0,1,104,9.047494323423635,5.749511833283905,0.0,0.0,5.687386274683562,6.642398540234578,10.114318268765572,4.6704161899212995,0.0,0.0,13.703784234591359,17.84927479630194,44.3495938373577,18.336089072585057,1.3117361892915658,2,34.532183714794606,24.13664090355679,0.0,4.6704161899212995,0.0,20.262769477507646,12.99371936863189,33.80502588345245,0.0,5.749511833283905,38.89473684210526,4.5237471617118175,5.687386274683562,5.749511833283905,6.642398540234578,22.58744660737086,22.889588493266753,10.114318268765572,39.82861406884167,18.127256122989884,0.0,0.0,0.0,64.84,125.9785100344214,4.997608549592678,10.003501204691906,11.243000858777599,-2.4240366748551274,-1.1454935122197025,-3.7253554106827904,0.0,-24.205512827503725,0.0,0,0,0,0,0,0,0,0,0,0,0,0,0,0,0,2,0,0,0,0,0,0,0,0,0,0,0,0,0,0,0,0,0,0,1,0,1,0,0,0,0,0,0,0,0,0,0,0,0,0,0,0,0,0,0,0,0,0,1,1,0,0,0,0,0,0,0,0,0,0,0,0,0,0,0,0,0,0,0,0,0,0,0,0,0,0.48364198520263185
mol_0149,CN(C)P1(=S)OCc2cc([N+](=O)[O-])ccc2O1,,2.3791485844681612,2.303062756068996,-2.3208113234934515,2.5485866403790896,-2.184338854081224,8.08459882698652,-0.3845105046166737,32.45151557869021,10.16759437767801,2.848281097622094,887.7631992250485,22.0330157158901,18.88288223881919,9.593806010746832,12.343693679904398,9.441939612889078,6.5328298429097424,2.749836157421267,5.83642121270452,1.6621332364973276,3.8244457210486553,0.9354681145198185,2.045744444138285,67.20395435518738,10.114318268765572,0.0,4.6704161899212995,0.0,0.0,0.0,0.0,0.0,0.0,35.93269452993471,274.0177144620003,1.7647058823529411,2.5294117647058822,3.176470588235294,0.3333333333333333,-1.01,17,263.15,326704.6836191679,4.58612547277067,4.343346752924329,2.3241026394230992,118.96444088356415,11.097684054369886,0.4322080952206154,11.097684054369886,0.31481257938761353,0.29445027084907993,0.31481257938761353,-4.715807744394055,-0.4322080952206154,2.2899000000000003,66.48540000000003,274.2379999999998,0,6,0,1,1,0,1,0,1,1,28,29,0,5,0,8,1,0,2,2,0,0,0,0,1,92,9.047494323423635,5.749511833283905,0.0,0.0,5.687386274683562,6.642398540234578,10.114318268765572,4.6704161899212995,0.0,0.0,0.0,31.800928596866434,25.8728402440449,18.336089072585057,1.1717137165095317,2,29.04914949011372,24.13664090355679,0.0,4.6704161899212995,0.0,6.558985242916289,13.951653800564491,33.80502588345245,0.0,5.749511833283905,36.88235294117647,4.5237471617118175,5.687386274683562,5.749511833283905,6.642398540234578,23.54538103930346,22.889588493266753,10.114318268765572,20.641795609569414,18.127256122989884,0.0,0.0,0.0,64.84,93.4543966567343,4.9198307718149,9.931944730862707,11.097684054369886,-2.157190491937515,-0.9456635802469131,-3.3064644746787586,0.0,-14.772315444696403,0.0,0,0,0,0,0,0,0,0,0,0,0,0,0,0,0,2,0,0,0,0,0,0,0,0,0,0,0,0,0,0,0,0,0,0,1,0,1,0,0,0,0,0,0,0,0,0,0,0,0,0,0,0,0,0,0,0,0,0,1,1,0,0,0,0,0,0,0,0,0,0,0,0,0,0,0,0,0,0,0,0,0,0,0,0,0,0.4681191399844981
mol_0150,CCOP(=S)(CC)Oc1ccc([N+](=O)[O-])cc1Cl,,2.53872552956205,2.1972370604528524,-2.209359737891571,2.4948042484067674,-2.0038384103709106,8.096113060830135,-0.38443777516134087,35.49569228358851,10.289106469023436,3.84962991962227,920.686918665709,24.95566544670048,21.31363311632846,10.780485834274556,13.516343410714775,10.457315051643711,6.973383350173562,2.5177306984001455,5.921536242339667,1.4187261832389373,3.4343741093173303,0.7615355944340919,1.9520871565025855,72.37855381291418,10.114318268765572,0.0,0.0,0.0,0.0,0.0,0.0,0.0,4.5237471617118175,45.751404370795875,308.9991432060004,1.7222222222222223,2.5,3.111111111111111,0.4,-0.6799999999999999,18,296.60699999999997,961263.0345133747,5.017990128166749,6.476055228531856,3.917042676114782,133.63237833274587,11.03027505924444,0.4418245357661219,11.03027505924444,0.27069308767696915,1.0404520975056684,0.27069308767696915,-5.28789879377677,-0.4418245357661219,3.9929000000000032,75.18640000000002,309.71099999999973,0,5,0,0,0,0,1,0,1,1,31,31,0,5,0,8,0,0,1,6,0,0,0,0,1,100,9.047494323423635,5.749511833283905,0.0,6.491672436018892,5.687386274683562,0.0,10.114318268765572,0.0,0.0,0.0,18.452832007528194,24.70116691359762,29.164919170559635,23.358722386326384,1.805376733679751,1,31.79066660245416,35.58685468957362,0.0,0.0,0.0,13.703784234591359,12.672998548787579,33.26420770549678,0.0,5.749511833283905,27.5,4.5237471617118175,5.687386274683562,5.749511833283905,18.09261232625141,17.59630959760525,16.330603250350464,10.114318268765572,31.523645464804215,18.127256122989884,5.022633313741326,0.0,0.0,61.599999999999994,107.11227457993579,10.597629663748215,9.835751635262818,9.989822961738772,-1.2146082923910304,-1.1666047808012092,-3.580526502267573,-3.726331215356514,-16.26407471653594,0.0,0,0,0,0,0,0,0,0,0,0,0,0,0,0,0,1,0,0,0,0,0,0,0,0,0,0,0,0,0,0,0,0,0,0,1,0,0,0,0,0,0,0,0,0,1,0,0,0,0,0,0,0,0,0,0,0,0,0,1,1,0,0,0,0,0,0,0,0,0,0,0,0,0,0,0,0,0,0,0,0,0,0,0,0,0,0.4514525555211646
mol_0151,CCOP(=S)(CC)Oc1ccc([N+](=O)[O-])c(C)c1,,2.5718467279353248,2.1855629801750545,-2.205977290824409,2.4801865578081554,-2.0047423751463085,8.09608156015821,-0.38501279516265,32.450265626098876,10.176406662946883,4.053244047593161,1031.990691594382,27.45566544670048,24.435668643319232,10.146592415246873,14.72766827611996,12.018332815139098,6.656436640659721,2.578748461895532,5.604589532825826,1.4665609269336026,3.2160749415263354,0.8095686045689221,1.7253582237802119,79.77126410816552,10.114318268765572,0.0,0.0,0.0,0.0,0.0,0.0,0.0,4.5237471617118175,38.26274014907399,289.05376562200047,1.6666666666666667,2.5,3.111111111111111,0.45454545454545453,-0.97,18,273.165,2928397.2709093667,4.0111097517839225,6.271103115487663,3.7655474722625946,133.90896572076423,11.322250367886415,0.4433803069904702,11.322250367886415,0.2720657810610327,1.3557039795371777,0.2720657810610327,-5.476090403754094,-0.4433803069904702,3.6479200000000027,74.91340000000002,289.2929999999997,0,5,0,0,0,0,1,0,1,1,34,34,0,5,0,7,0,0,1,6,0,0,0,0,1,100,9.047494323423635,5.749511833283905,0.0,6.491672436018892,5.687386274683562,0.0,10.114318268765572,0.0,0.0,0.0,6.851892117295679,37.595477738556596,32.798227623104,18.336089072585057,1.3974490478319501,1,35.90294227096483,23.985914799341103,0.0,0.0,0.0,20.555676351887037,12.672998548787579,33.80502588345245,0.0,5.749511833283905,30.666666666666668,4.5237471617118175,5.687386274683562,5.749511833283905,6.491672436018892,17.59630959760525,16.330603250350464,16.966210386061253,41.19937262501189,18.127256122989884,0.0,0.0,0.0,61.599999999999994,130.28032845580714,4.8080049025783165,9.966546388349236,11.322250367886415,-2.9059726552658103,-1.4309952128999741,-4.280949113441672,-3.850273211136307,-20.186717699655116,0.0,0,0,0,0,0,0,0,0,0,0,0,0,0,0,0,1,0,0,0,0,0,0,0,0,0,0,0,0,0,0,0,0,0,0,1,0,0,0,0,0,0,0,0,0,0,0,0,0,0,0,0,0,0,0,0,0,0,0,1,1,0,0,0,0,0,0,0,0,0,0,0,0,0,0,0,0,0,0,0,0,0,0,0,0,0,0.45423187659814673
mol_0152,CCOP(=S)(OCC)Oc1ccc([N+](=O)[O-])cc1Cl,,2.5331818201874787,2.229399418948123,-2.20937804676433,2.508364301816322,-2.021238769905802,8.072999608218016,-0.38443844674463856,35.495692352924834,10.28911513203658,3.724128488926005,906.8878928374495,25.662772227887025,21.72188140679232,11.188734124738419,13.973450191901321,10.620406584960719,7.054409659660723,2.5490219840560453,5.710776992070228,1.4224909955288645,3.3954140651845073,0.7964979267871681,2.1687775524368043,73.05046054630347,10.114318268765572,0.0,0.0,0.0,0.0,0.0,0.0,0.0,9.047494323423635,45.751404370795875,324.99405782600036,1.5789473684210527,2.210526315789474,2.736842105263158,0.4,-0.72,19,312.606,1408195.7738422195,5.578663666511863,7.166356353148536,4.70596076323569,138.83259382038003,11.035155683670519,0.4225178211840553,11.035155683670519,0.38009590410829586,1.0249863000755852,0.38009590410829586,-5.187258361678004,-0.4225178211840553,3.9245000000000028,76.27140000000001,325.70999999999975,0,6,0,0,0,0,1,0,1,0,32,32,0,6,0,9,0,0,1,7,0,0,0,0,0,106,4.5237471617118175,5.749511833283905,0.0,0.0,5.687386274683562,6.718607232363179,19.161812592189207,0.0,0.0,0.0,11.600939890232516,19.746202942254655,32.11624484098655,32.65922474158312,2.104141674136115,1,36.31441376416599,35.8137894859179,0.0,0.0,0.0,13.703784234591359,13.117970485832577,33.26420770549678,0.0,5.749511833283905,24.157894736842106,4.5237471617118175,5.687386274683562,5.749511833283905,18.319547122595694,18.04128153465025,20.85435041206228,10.114318268765572,31.523645464804215,18.127256122989884,5.022633313741326,0.0,0.0,70.83,110.29688680333882,10.552638337742504,9.842669918473716,10.010169383594933,-1.2100636967750067,-1.1404780801209375,-3.5476779415469872,0.0,-19.720811391373715,0.0,0,0,0,0,0,0,0,0,0,0,0,0,0,0,0,1,0,0,0,0,0,0,0,0,0,0,0,0,0,0,0,0,0,0,1,0,0,0,0,0,0,0,0,0,1,0,0,0,0,0,0,0,0,0,0,0,0,0,1,1,0,0,0,0,0,0,0,0,0,0,0,0,0,0,0,0,0,0,0,0,0,0,0,0,0,0.4295969109304807
mol_0153,CCP(=S)(OC)Oc1ccc([N+](=O)[O-])cc1Cl,,2.4613376220626826,2.1872490822239135,-2.1941309057469938,2.487920391379028,-1.97931379072287,8.096027938328264,-0.3844376683276847,35.49569223253354,10.289106632949327,3.7643914310978785,828.9287598320649,22.45566544670048,18.81363311632846,10.280485834274556,12.266343410714775,9.207315051643711,6.723383350173562,2.4156686257841797,5.819474169723701,1.3730826367801736,3.297443469941039,0.7014460215797134,1.660015039064461,66.00562891158481,10.114318268765572,0.0,0.0,0.0,0.0,0.0,0.0,0.0,4.5237471617118175,43.00988725845543,294.98349314200027,1.8235294117647058,2.588235294117647,3.176470588235294,0.3333333333333333,-0.6799999999999999,17,284.59599999999995,276703.5754722868,5.1318776648538345,5.776805015755143,3.641713909652746,124.45749521801365,10.957616657040584,0.44183458107210394,10.957616657040584,0.27069308767693917,0.9607327097505667,0.27069308767693917,-5.018940460443437,-0.44183458107210394,3.602800000000002,70.56940000000002,295.68399999999974,0,5,0,0,0,0,1,0,1,1,28,28,0,5,0,8,0,0,1,5,0,0,0,0,1,94,9.047494323423635,5.749511833283905,0.0,6.491672436018894,5.687386274683562,0.0,10.114318268765572,0.0,0.0,0.0,18.452832007528194,17.84927479630194,32.090595960931566,18.170495699580314,1.7438739196805544,1,29.04914949011372,35.58685468957362,0.0,0.0,0.0,6.851892117295679,13.151965764753879,33.26420770549678,0.0,5.749511833283905,25.823529411764707,4.5237471617118175,5.687386274683562,5.749511833283905,18.09261232625141,18.07527681357155,16.330603250350464,10.114318268765572,21.930236235168096,18.127256122989884,5.022633313741326,0.0,0.0,61.599999999999994,91.13527935703667,10.533068835558915,9.799973398348218,9.996883947290018,-1.1609045886873266,-1.0666898148148147,-3.371081034265557,-3.5638312153565153,-8.54988217277652,-3.4194833789997485,0,0,0,0,0,0,0,0,0,0,0,0,0,0,0,1,0,0,0,0,0,0,0,0,0,0,0,0,0,0,0,0,0,0,1,0,0,0,0,0,0,0,0,0,1,0,0,0,0,0,0,0,0,0,0,0,0,0,1,1,0,0,0,0,0,0,0,0,0,0,0,0,0,0,0,0,0,0,0,0,0,0,0,0,0,0.4716512231697433
mol_0154,CCOP(=S)(OCC)Oc1ccc([N+](=O)[O-])c(Cl)c1,,2.5331818201874787,2.2227211586080533,-2.204950107690042,2.498247158199761,-2.018227552334765,8.072971613381192,-0.38430983378890604,35.49569228965457,10.288607309997337,3.724128488926004,906.8878928374495,25.662772227887025,21.72188140679232,11.188734124738419,13.97345019190132,10.620406584960719,7.054409659660723,2.5490219840560453,5.710776992070228,1.4261728707747674,3.406459690922216,0.8119086281477755,2.111499822617273,73.05046054630347,10.114318268765572,0.0,0.0,0.0,0.0,0.0,0.0,0.0,9.047494323423635,45.751404370795875,324.99405782600036,1.5789473684210527,2.210526315789474,2.736842105263158,0.4,-0.7200000000000001,19,312.60600000000005,1408195.7738422195,5.578663666511863,7.166356353148536,4.70596076323569,138.83259382038,11.046019881201383,0.42406431471047606,11.046019881201383,0.3800453751244386,1.0229507590073064,0.3800453751244386,-5.198122559208868,-0.42406431471047606,3.9245000000000037,76.27140000000001,325.7099999999998,0,6,0,0,0,0,1,0,1,0,32,32,0,6,0,9,0,0,1,7,0,0,0,0,0,106,4.5237471617118175,10.772145147025231,0.0,0.0,5.687386274683562,6.718607232363179,19.161812592189207,0.0,0.0,0.0,11.600939890232516,19.746202942254655,32.11624484098655,27.636591427841786,2.104141674136115,1,36.31441376416599,35.8137894859179,0.0,0.0,0.0,13.703784234591359,13.117970485832577,33.26420770549679,0.0,5.749511833283905,24.157894736842106,4.5237471617118175,5.687386274683562,5.749511833283905,18.319547122595694,18.04128153465025,20.85435041206228,10.114318268765572,31.523645464804215,18.127256122989884,5.022633313741326,0.0,0.0,70.83,110.3984231195114,10.434571129377677,9.87353411600458,10.023069122194077,-1.1668538202317966,-1.1836879566641472,-3.5497134826152665,0.0,-19.746008894243175,0.0,0,0,0,0,0,0,0,0,0,0,0,0,0,0,0,1,0,0,0,0,0,0,0,0,0,0,0,0,0,0,0,0,0,0,1,0,0,0,0,0,0,0,0,0,1,0,0,0,0,0,0,0,0,0,0,0,0,0,1,1,0,0,0,0,0,0,0,0,0,0,0,0,0,0,0,0,0,0,0,0,0,0,0,0,0,0.4295969109304807
mol_0155,CCCOP(C)(=S)Oc1ccc([N+](=O)[O-])cc1,,2.5387418594979674,2.1326211341528953,-2.1779213224272467,2.444505029180116,-1.9716228935731677,8.092792357882042,-0.3844478664337598,32.450235606408924,10.295010106347624,3.692425020740517,915.4896660927367,24.95566544670048,21.935668643319232,9.646592415246873,13.516343410714775,10.768332815139098,6.406436640659721,2.3419450630205425,5.144179336200858,1.1997596244277988,2.401551081515366,0.6530877667267847,1.523233839479311,73.39833920683614,10.114318268765572,0.0,0.0,0.0,0.0,0.0,0.0,0.0,4.5237471617118175,35.521223036733545,275.0381155580004,1.6470588235294117,2.3529411764705883,2.8823529411764706,0.4,-0.97,17,261.154,960050.6215877513,4.015510992504,6.0960051936770085,4.811272289405596,124.73408260603202,10.980041549606792,0.44361684823562364,10.980041549606792,0.26919560724764113,1.217311822877299,0.26919560724764113,-5.1531997197026955,-0.44361684823562364,3.339500000000002,70.17640000000003,275.26599999999974,0,5,0,0,0,0,1,0,1,1,31,31,0,5,0,7,0,0,1,6,0,0,0,0,1,94,9.047494323423635,5.749511833283905,0.0,6.491672436018892,5.687386274683562,0.0,10.114318268765572,0.0,0.0,0.0,6.851892117295679,30.264618405294616,29.64388638652594,19.706847628755277,1.4399162273865591,1,33.16142515862438,23.985914799341103,0.0,0.0,0.0,13.224817018625059,13.15196576475388,34.28399309941875,0.0,5.749511833283905,29.176470588235293,4.5237471617118175,5.687386274683562,5.749511833283905,6.491672436018892,18.075276813571552,16.330603250350464,10.114318268765572,32.415436805008135,24.16967483065318,0.0,0.0,0.0,61.599999999999994,114.38289094871087,4.742133303938861,9.762158009310507,10.980041549606792,-1.250445435922303,-1.217311822877299,-4.910942145376668,-3.788789380179173,-16.22751280498936,0.0,0,0,0,0,0,0,0,0,0,0,0,0,0,0,0,1,0,0,0,0,0,0,0,0,0,0,0,0,0,0,0,0,0,0,1,0,0,0,0,0,0,0,0,0,0,0,0,0,0,0,0,0,0,0,0,0,0,0,1,1,0,0,0,0,0,0,0,0,0,0,0,0,0,0,0,0,0,0,0,0,0,0,0,0,0,0.45241295614336563
mol_0156,COP(=S)(Oc1ccc([N+](=O)[O-])cc1)OC(C)C,,2.526235217139213,2.2220992708777505,-2.21780389911984,2.496644824613441,-2.0572468066565195,8.072961835941324,-0.3844485858124856,32.45299186777795,10.29501458092862,3.7726862226517723,916.1808652601503,25.662772227887025,22.343916933783095,10.054840705710737,13.973450191901321,10.931424348456106,6.487462950146881,2.485039747551432,5.268830282556387,1.2894240397860346,2.9962131979560183,0.7108718723092431,1.8083895551016758,74.07024594022543,10.114318268765572,0.0,0.0,0.0,0.0,0.0,0.0,0.0,9.047494323423635,35.521223036733545,291.0330301780004,1.5555555555555556,2.2222222222222223,2.7222222222222223,0.4,-1.01,18,277.15299999999996,1355678.8669255874,4.523214193005456,6.242969792019426,4.343346752924327,129.93429809366611,11.010464325645827,0.42412069213882775,11.010464325645827,0.3800454271227145,1.22804132075236,0.3800454271227145,-5.222813917233558,-0.42412069213882775,3.2695000000000016,71.23940000000002,291.2649999999997,0,6,0,0,0,0,1,0,1,1,32,32,0,6,0,8,0,0,1,6,0,0,0,0,1,100,9.047494323423635,5.749511833283905,0.0,0.0,5.687386274683562,6.718607232363179,14.63806543047739,0.0,0.0,0.0,0.0,25.78862164991795,39.15419729986916,21.969397525129416,1.5687938649870328,1,37.685172320336214,24.212849595685388,0.0,0.0,0.0,19.783802261541346,7.037952458882589,34.28399309941875,0.0,5.749511833283905,28.22222222222222,4.5237471617118175,5.687386274683562,5.749511833283905,6.718607232363179,18.041281534650246,20.85435041206228,10.114318268765572,32.894404020974434,24.16967483065318,0.0,0.0,0.0,70.83,118.11427211240074,4.749529845888974,9.782423004893467,11.010464325645827,-1.2656192523305612,-1.2392435122197025,-4.984763007054676,-3.903248968568909,-12.762493017727955,-3.529099308704966,0,0,0,0,0,0,0,0,0,0,0,0,0,0,0,1,0,0,0,0,0,0,0,0,0,0,0,0,0,0,0,0,0,0,1,0,0,0,0,0,0,0,0,0,0,0,0,0,0,0,0,0,0,0,0,0,0,0,1,1,0,0,0,0,0,0,0,0,0,0,0,0,0,0,0,0,0,0,0,0,0,0,0,0,0,0.45487012889756007
mol_0157,COP(=S)(Oc1ccc([N+](=O)[O-])c(C)c1)OC(C)C,,2.5599594365071137,2.2297452462777887,-2.2205197772876852,2.4993665797936315,-2.059955757210417,8.07296430896107,-0.38501352405047506,32.45299198222905,10.17641094427731,3.9717772774495836,1033.0317049638388,28.162772227887025,24.843916933783095,10.554840705710737,15.184775057306508,12.181424348456106,6.737462950146881,2.735039747551432,5.518830282556387,1.4703257392235294,3.177114897393513,0.8445309369219984,1.9420486197144309,80.4431708415548,10.114318268765572,0.0,0.0,0.0,0.0,0.0,0.0,0.0,9.047494323423635,38.26274014907399,305.04868024200044,1.631578947368421,2.4210526315789473,3.0,0.45454545454545453,-1.01,19,289.164,4131405.8963636244,4.494854022707645,6.430988713064973,4.542555204236547,139.10918120839835,11.327130992312497,0.42411012473952986,11.327130992312497,0.38004558762830437,1.3536663207523603,0.38004558762830437,-5.375449971655327,-0.42411012473952986,3.5779200000000024,75.97640000000003,305.2919999999997,0,6,0,0,0,0,1,0,1,1,35,35,0,6,0,8,0,0,1,6,0,0,0,0,1,106,9.047494323423635,5.749511833283905,0.0,0.0,5.687386274683562,6.718607232363179,14.63806543047739,0.0,0.0,0.0,0.0,32.640513767213626,42.78750575241353,20.598638968959197,1.5213871308898712,1,40.42668943267666,24.212849595685388,0.0,0.0,0.0,26.635694378837027,7.037952458882589,33.80502588345245,0.0,5.749511833283905,29.68421052631579,4.5237471617118175,5.687386274683562,5.749511833283905,6.718607232363179,18.041281534650246,20.85435041206228,16.966210386061253,41.19937262501189,18.127256122989884,0.0,0.0,0.0,70.83,133.7898943566688,4.763560458133872,9.973464671560137,11.327130992312497,-2.892736678004535,-1.4048685122197029,-4.241326136936258,-3.9835441074577975,-16.499958374240926,-3.609394447593856,0,0,0,0,0,0,0,0,0,0,0,0,0,0,0,1,0,0,0,0,0,0,0,0,0,0,0,0,0,0,0,0,0,0,1,0,0,0,0,0,0,0,0,0,0,0,0,0,0,0,0,0,0,0,0,0,0,0,1,1,0,0,0,0,0,0,0,0,0,0,0,0,0,0,0,0,0,0,0,0,0,0,0,0,0,0.45430305935100185
mol_0158,CCOP(=S)(OCC)Oc1ccc([N+](=O)[O-])c(C)c1,,2.5666161710384507,2.2184304873930203,-2.2063353748781607,2.495167130192188,-2.0213668140297827,8.072967815393177,-0.3850134743741389,32.45299198018075,10.176411001503402,3.933048366191395,1018.541479968166,28.162772227887025,24.843916933783095,10.554840705710737,15.184775057306506,12.181424348456106,6.737462950146882,2.610039747551432,5.393830282556387,1.4703257392235296,3.1771148973935124,0.8445309369219983,1.9420486197144307,80.4431708415548,10.114318268765572,0.0,0.0,0.0,0.0,0.0,0.0,0.0,9.047494323423635,38.26274014907399,305.04868024200044,1.5263157894736843,2.210526315789474,2.736842105263158,0.45454545454545453,-1.01,19,289.16400000000004,4290817.582418662,4.494854022707645,6.955971502646675,4.542555204236547,139.10918120839835,11.327130992312494,0.4241101621883484,11.327130992312494,0.3800446978950417,1.3536663207523598,0.3800446978950417,-5.375449971655328,-0.4241101621883484,3.579520000000003,75.99840000000002,305.29199999999975,0,6,0,0,0,0,1,0,1,0,35,35,0,6,0,8,0,0,1,7,0,0,0,0,0,106,4.5237471617118175,5.749511833283905,0.0,0.0,5.687386274683562,6.718607232363179,19.161812592189207,0.0,0.0,0.0,0.0,32.64051376721363,35.74955329353092,27.636591427841786,1.6455829731847973,1,40.42668943267666,24.212849595685388,0.0,0.0,0.0,20.555676351887037,13.117970485832577,33.80502588345245,0.0,5.749511833283905,27.157894736842106,4.5237471617118175,5.687386274683562,5.749511833283905,6.718607232363179,18.04128153465025,20.85435041206228,16.966210386061253,41.19937262501189,18.127256122989884,0.0,0.0,0.0,70.83,133.4154789655123,4.763560458133872,9.973464671560134,11.327130992312494,-2.892736678004536,-1.4048685122197029,-4.241326136936255,0.0,-23.718481538136125,0.0,0,0,0,0,0,0,0,0,0,0,0,0,0,0,0,1,0,0,0,0,0,0,0,0,0,0,0,0,0,0,0,0,0,0,1,0,0,0,0,0,0,0,0,0,0,0,0,0,0,0,0,0,0,0,0,0,0,0,1,1,0,0,0,0,0,0,0,0,0,0,0,0,0,0,0,0,0,0,0,0,0,0,0,0,0,0.4354311236311081
mol_0159,CCOP(=S)(OCC)Oc1cc([N+](=O)[O-])c(Cl)cc1Cl,,2.5322940731049735,2.2509839749322884,-2.2108011720448717,2.517101441453891,-2.0258211507285107,8.073005759204033,-0.3843288077166016,35.49683712110456,10.281744065818833,3.759779624481215,939.2240591646301,25.662772227887025,21.09984587980155,12.322627543766101,13.973450191901321,10.309388821465333,7.621356369174564,2.7380042205606587,6.277723701584069,1.559239826517597,3.8056605581507053,0.8977968235987512,2.534173553555646,72.03067515238149,10.114318268765572,0.0,0.0,0.0,0.0,0.0,0.0,0.0,9.047494323423635,55.981585704858176,358.9550854740003,1.45,2.05,2.55,0.4,-0.4300000000000001,20,348.05899999999997,1406238.6092648,6.771197313159116,7.5419195337380405,4.547589564301598,147.73088954709385,11.215388752761589,0.42225371122438715,11.215388752761589,0.3800999563524883,0.8859896227009323,0.3800999563524883,-5.206267006802721,-0.42225371122438715,4.577900000000003,81.28140000000002,360.15499999999975,0,6,0,0,0,0,1,0,1,0,32,32,0,6,0,10,0,0,1,7,0,0,0,0,0,112,4.5237471617118175,5.022633313741326,5.749511833283905,0.0,5.687386274683562,6.718607232363179,19.161812592189207,0.0,0.0,0.0,23.20187978046503,19.746202942254655,20.031407425659967,37.3308848930762,2.5533912641454637,1,34.94365520799577,47.41472937615042,0.0,0.0,0.0,13.703784234591359,13.117970485832577,32.244422311574816,0.0,5.749511833283905,22.9,4.5237471617118175,5.687386274683562,5.749511833283905,29.92048701282821,18.04128153465025,20.85435041206228,10.114318268765572,30.152886908633995,12.08483741532659,10.045266627482652,0.0,0.0,70.83,102.83691312887518,16.237682657922704,10.021458527893865,9.422838755910997,-1.21270384542706,-1.1677928949357523,-2.1837395282186938,0.0,-19.76021235757678,0.0,0,0,0,0,0,0,0,0,0,0,0,0,0,0,0,1,0,0,0,0,0,0,0,0,0,0,0,0,0,0,0,0,0,0,1,0,0,0,0,0,0,0,0,0,2,0,0,0,0,0,0,0,0,0,0,0,0,0,1,1,0,0,0,0,0,0,0,0,0,0,0,0,0,0,0,0,0,0,0,0,0,0,0,0,0,0.40277907203151525
mol_0160,Nc1ncc(/C=C/c2ccc([N+](=O)[O-])o2)nn1,,2.8155419043464596,2.091425194142651,-1.901067216488766,2.1676244509944893,-1.9661409095296005,5.648005950216442,-0.401754300329402,16.648381510777654,10.329618569038837,2.563752747710919,852.297886036843,18.179280085832076,14.96081284889138,7.96081284889138,11.145642165489814,7.459464639633765,4.0650374486338485,2.5656621628413876,2.5656621628413876,1.4432019733241528,1.4432019733241528,0.808925155749437,0.808925155749437,58.57188406360056,10.114318268765572,0.0,5.719716975726273,0.0,0.0,0.0,0.0,0.0,19.59849307460263,9.677476937507501,233.054889084,1.588235294117647,2.4705882352941178,3.1176470588235294,0.0,-2.7700000000000005,17,226.13099999999997,170298.0520843956,5.040175547869986,4.390487751737304,2.621107636144616,104.89427848265491,10.68698382728547,0.4330053484925791,10.68698382728547,0.4330053484925791,0.006025856725712764,0.4013202470565688,-1.044205451234672,-0.4013202470565688,1.1253999999999997,58.529799999999994,233.18700000000004,2,8,0,0,0,0,0,2,2,0,24,25,0,7,1,8,2,0,2,4,0,0,0,0,0,86,10.136867912779621,16.377486462540574,2.8236841566564013,5.948339280986494,0.0,5.884182201861009,10.114318268765572,4.9839785209472085,0.0,10.197363616602075,0.0,18.146562199734426,0.0,19.069106699329154,1.3016958240899428,2,19.01793892337852,23.936664974918635,0.0,15.181342137549283,0.0,0.0,5.719716975726273,39.82622630862983,0.0,0.0,17.529411764705884,5.719716975726273,11.832521482847504,0.0,0.0,20.104653186366953,0.0,10.114318268765572,18.307968194574002,22.674883563194697,2.8236841566564013,12.104143492071133,0.0,120.97,56.69431522077949,0.0,13.076142935373149,17.41544329440565,-0.5240039368466498,-2.284086777770489,-3.209230541517698,-0.6685801944234482,0.0,0.0,0,0,0,1,0,3,0,0,0,0,0,0,0,0,0,4,0,1,0,0,0,0,0,0,0,0,0,0,0,1,0,0,0,0,0,0,0,0,0,0,0,0,1,0,0,0,0,0,0,0,0,0,0,0,0,0,0,0,1,0,0,0,0,0,0,0,0,0,0,0,0,0,0,0,0,0,0,0,0,0,0,0,0,0,0,0.6221981482328935
mol_0161,Cc1nc([N+](=O)[O-])cn1-c1ccc([N+](=O)[O-])cc1,,2.8328037702495936,2.1611361210325133,-2.0057571529394576,2.1898157684865343,-1.9542515432240528,5.423395269858589,-0.3889056833499937,16.63261548602162,10.257111380314514,3.0288836985095546,924.7229373805013,20.13531001146206,16.421847543855286,8.421847543855286,11.801324138229171,8.295544327590076,4.295544327590075,2.9176637555449614,2.9176637555449614,1.8131347289702828,1.8131347289702828,1.0741093268477617,1.0741093268477617,70.05812408160105,20.228636537531145,0.0,4.567099647791355,0.0,0.0,0.0,0.0,0.0,4.9839785209472085,10.96606844936176,248.054554736,1.2777777777777777,1.9444444444444444,2.4444444444444446,0.1,-2.77,18,240.13399999999996,289625.85747031844,5.25294526130362,4.2424600382665165,2.0289380638767316,112.03793477485578,10.961658688166626,0.3817021657739091,10.961658688166626,0.3817021657739091,0.2734183673469386,0.35775660378007784,-3.1020873881960203,-0.35775660378007784,1.9971199999999998,61.609800000000014,248.19800000000004,0,8,0,0,0,0,1,1,2,0,26,27,0,5,0,8,1,0,2,3,0,0,0,0,0,92,10.114318268765572,6.172895210814761,0.0,5.824404497999927,5.687386274683562,5.817862777835028,14.681417916556928,0.0,0.0,0.0,0.0,21.992126985091467,28.73639147581649,11.777103829668771,1.2380783530156707,2,20.8126905469971,11.50524905251859,0.0,9.551078168738563,0.0,6.851892117295679,0.0,56.39561107699902,0.0,5.687386274683562,17.333333333333332,0.0,11.50524905251859,0.0,0.0,19.397700266373903,0.0,27.080528654826825,16.790472947361685,30.34257004146794,0.0,5.687386274683562,0.0,104.1,61.17987575585791,0.0,22.864727011946755,21.906456706139245,-2.011431195935163,-2.2127851263962364,-4.273624338624337,-1.1011314247921387,-3.1020873881960203,0.0,0,0,0,0,0,2,0,0,0,0,0,0,0,0,0,4,0,0,0,0,0,0,0,0,0,0,0,0,0,0,1,0,0,0,1,0,0,0,0,0,0,0,0,0,0,0,0,1,0,0,0,0,0,0,0,0,0,0,2,1,0,0,0,0,0,0,0,0,0,0,0,0,0,0,0,0,0,0,0,0,0,0,0,0,0,0.6097401377249373
mol_0162,Nc1nnc(/C=C/c2ccc([N+](=O)[O-])o2)s1,,3.043180834043531,2.093152770419,-1.8271340380537335,2.1873973769960946,-1.8190804371962248,7.154031537719792,-0.40175421520546134,32.13358279969965,10.384283906584072,2.5042586671886062,772.0193407518063,16.60192981664245,13.421847543855284,8.23834412478301,10.234958562966854,6.67049933459767,4.59256872452548,2.383237390200933,3.3392082381699626,1.3448195849841973,1.9861043251542572,0.7738404868928542,1.212138626704665,40.756721576950845,10.114318268765572,0.0,15.85889915241837,11.336785877934737,0.0,0.0,0.0,0.0,10.197363616602075,12.723869318390628,238.016061052,1.6875,2.5625,3.1875,0.0,-2.2199999999999998,16,232.17999999999998,81572.46225653685,5.212185200658441,4.107053387567264,2.2293600178748134,101.91002327195208,10.644891643015741,0.43300535219335484,10.644891643015741,0.43300535219335484,0.13010770975056696,0.40131973153721884,-0.9981302019455884,-0.40131973153721884,1.7918999999999998,58.6118,238.22800000000004,2,7,0,0,0,0,0,2,2,0,22,23,0,7,1,8,2,0,2,4,0,0,0,0,0,82,10.136867912779621,15.691182164544877,2.8236841566564013,5.131558479839333,0.0,5.884182201861009,10.114318268765572,0.0,0.0,10.197363616602075,11.336785877934737,18.146562199734426,0.0,11.525452932344175,1.337920180312013,2,17.6471803672083,34.45667005170621,0.0,10.197363616602075,0.0,0.0,5.719716975726273,32.967026799819365,0.0,0.0,17.25,5.719716975726273,11.015740681700342,0.0,11.336785877934737,15.120674665419745,0.0,10.114318268765572,16.250905340408085,16.501988352379936,2.8236841566564013,12.104143492071133,0.0,108.08,49.15060151608852,0.6749289283614677,9.646761441070153,17.328107240983325,0.1742311854978702,-1.5916227849164355,-2.7163408604182404,0.0,0.0,0.0,0,0,0,1,0,2,0,0,0,0,0,0,0,0,0,3,0,1,0,0,0,0,0,0,0,0,0,0,0,1,0,0,0,0,0,0,0,0,0,0,0,0,1,0,0,0,0,0,0,0,0,0,0,0,0,0,0,0,1,0,0,0,0,0,0,0,0,0,0,0,0,0,0,0,0,0,0,0,0,0,0,0,0,0,0,0.644576923167708
mol_0163,COC(=O)C1=C(C)NC(C)=C(C(=O)OCC(C)C)C1c1ccccc1[N+](=O)[O-],,2.8884092183735457,2.402050926234571,-2.2973705644832787,2.4198891739500823,-2.3247914094409445,5.997807001798874,-0.38520793219421096,16.628635944210952,9.79435746295161,3.541214674435001,1734.658006273591,41.49711733102786,37.34391693378309,13.343916933783095,22.746464791128307,18.707927231811595,6.760713636311638,4.670834752188401,4.670834752188401,3.0442296849846073,3.0442296849846073,2.056059506052947,2.056059506052947,132.92495680300146,21.074151193079437,0.0,0.0,0.0,0.0,0.0,0.0,0.0,9.473725907600098,31.568530314073037,388.1634364880006,1.3928571428571428,2.0714285714285716,2.6785714285714284,0.4,-3.1599999999999997,28,364.2280000000001,7672225840.318007,5.683397427144067,8.685527401454435,4.214929198899866,196.68587670462662,14.105789832136555,0.46558003067235826,14.105789832136555,0.336263930389696,0.8114562074829941,0.336263930389696,-4.684014655244815,-0.46558003067235826,3.201800000000002,102.18610000000007,388.4199999999997,1,8,0,1,1,0,1,0,1,1,52,53,0,7,1,8,1,0,2,6,0,0,0,0,1,150,14.783539260888475,0.0,1.4118420783282006,0.0,5.687386274683562,11.938610575903699,10.114318268765572,9.589074368143644,0.0,0.0,31.831040357581244,19.597741919954437,42.190568611855056,47.897242501650176,1.7629751459576937,2,56.92540019480472,17.62599685058726,0.0,5.309813353288376,5.893957685363079,33.3015261545458,13.596937701798877,62.38773227736595,0.0,0.0,35.357142857142854,5.309813353288376,5.687386274683562,0.0,0.0,30.458859326520248,19.06280027574374,16.008275954128653,70.39242443815789,46.70996251690338,1.4118420783282006,0.0,0.0,107.77000000000001,198.4182437700937,0.0,38.40287010813661,11.556177201826552,-12.848360024565384,-14.532556807879,-6.543519486440888,0.0,-21.504515037056308,-3.9483397241153426,0,0,0,0,0,0,0,0,0,0,2,2,0,0,0,1,1,0,0,0,0,0,0,0,0,0,2,0,0,0,0,0,0,0,1,0,0,0,1,0,2,2,0,0,0,0,0,0,0,0,0,0,0,0,0,1,0,0,1,1,0,0,0,0,1,0,0,0,0,0,0,0,0,0,0,0,0,0,0,0,0,0,0,0,0,0.45278603663958333
mol_0164,CCOC(=O)C1=C(C)NC(C)=C(C(=O)OC)C1c1cccc([N+](=O)[O-])c1,,2.7889517474435053,2.3769618403399706,-2.2967246519693036,2.3951017833689425,-2.318848053843078,5.994280753588538,-0.38448384327166807,16.62847186925694,9.800241315278138,3.509243157899468,1552.2176886876737,36.49711733102786,32.34391693378309,12.343916933783095,20.246464791128307,16.207927231811595,6.260713636311638,4.2958347521884015,4.2958347521884015,2.886265912931147,2.886265912931147,1.931434073567453,1.931434073567453,120.17910700034267,21.074151193079437,0.0,0.0,0.0,0.0,0.0,0.0,0.0,9.473725907600098,26.08549608939216,360.1321363600005,1.4230769230769231,2.1538461538461537,2.769230769230769,0.3333333333333333,-3.1599999999999997,26,340.2060000000001,700229132.2332374,5.668397224146197,7.814330414517536,3.5842534199841163,178.3361104751622,13.63820904982363,0.4655800563752146,13.63820904982363,0.3362394029534943,0.6879777651801455,0.3362394029534943,-4.266189058956916,-0.4655800563752146,2.5657000000000005,93.02210000000004,360.3659999999997,1,8,0,1,1,0,1,0,1,1,46,47,0,7,1,8,1,0,2,5,0,0,0,0,1,138,14.783539260888475,0.0,1.4118420783282006,0.0,5.687386274683562,11.938610575903699,10.114318268765572,9.589074368143644,0.0,0.0,12.08483741532659,26.11912784358403,37.186501603140464,47.897242501650176,1.703643416546631,2,51.44236597012383,17.62599685058726,0.0,5.309813353288376,0.0,26.449634037250114,13.596937701798877,62.38773227736595,0.0,0.0,33.76923076923077,5.309813353288376,5.687386274683562,0.0,0.0,30.458859326520248,19.06280027574374,10.114318268765572,58.05749809618135,46.70996251690338,1.4118420783282006,0.0,0.0,107.77000000000001,165.16567250779894,0.0,37.36416979264922,11.120982560609184,-11.59992783919123,-9.320595277462836,-6.451816412553696,0.0,-15.941549482338859,-3.8369358495107058,0,0,0,0,0,0,0,0,0,0,2,2,0,0,0,1,1,0,0,0,0,0,0,0,0,0,2,0,0,0,0,0,0,0,1,0,0,0,1,0,2,2,0,0,0,0,0,0,0,0,0,0,0,0,0,1,0,0,1,1,0,0,0,0,0,0,0,0,0,0,0,0,0,0,0,0,0,0,0,0,0,0,0,0,0,0.4882471812012686
mol_0165,CNC(=O)N1C(=O)CN=C(c2ccccc2)c2cc([N+](=O)[O-])ccc21,,2.9061749155165386,2.302370270079596,-2.200733860725962,2.3008965071661502,-2.4324055045084325,6.245722140989652,-0.3844369114535394,16.628272641335208,9.993764553037414,2.6640010930893094,1476.902795685317,30.099411626599817,25.921847543855286,11.921847543855284,17.678038783045235,13.259464639633764,6.312251044133806,4.311477321828461,4.311477321828461,2.9126660544625436,2.9126660544625436,1.9130844398794475,1.9130844398794475,117.09672515608248,19.703392636909218,0.0,0.0,0.0,0.0,0.0,0.0,0.0,4.992404732635669,19.23170330854106,338.10150492800034,1.44,2.2,2.88,0.11764705882352941,-3.5499999999999994,25,324.21100000000007,101108847.73273252,6.396026834176765,6.518596080645262,2.9655038388175856,162.21605864086135,13.222852471235402,0.34038291369962653,13.222852471235402,0.3280631872952357,0.40014739229024965,0.3280631872952357,-3.6544225954270626,-0.34038291369962653,2.1182,91.98610000000002,338.3229999999998,1,8,0,1,1,3,2,0,2,0,39,41,0,5,1,8,1,0,3,2,0,0,0,0,0,126,5.309813353288376,6.496859684315945,1.4118420783282006,0.0,11.594566004035068,6.031114512338072,19.901260185473063,9.694446914922299,0.0,0.0,30.212093538316473,6.042418707663295,34.29984296751349,30.02996788797413,1.6677246181186631,3,33.74408872550237,29.024751793827402,0.0,5.309813353288376,4.992404732635669,0.0,18.372596315448668,69.58057091346592,0.0,0.0,24.08,10.209723084138854,16.169309733438947,0.0,0.0,36.04597687787614,4.794537184071822,10.114318268765572,28.946764213606848,53.33175439394203,1.4118420783282006,0.0,0.0,104.91,110.43872377434676,0.0,39.71983012035162,10.93702574742911,-6.017288491013688,-2.0566945914168135,-11.301383315391252,0.0,-7.220213244305736,0.0,0,0,0,0,0,0,0,0,0,0,2,2,0,0,1,3,1,0,0,0,0,0,0,0,0,0,0,3,0,1,0,0,0,0,2,1,1,0,0,0,0,0,0,0,0,0,0,0,1,0,0,0,0,0,0,0,0,0,1,1,0,0,0,0,0,0,0,0,0,0,0,0,0,0,0,0,0,0,0,0,0,0,0,0,1,0.668541957719638
mol_0166,O=[N+]([O-])c1ccc(Sc2ccc([N+](=O)[O-])cc2)cc1,,2.5720157648270776,2.0659617136928174,-2.006456187144417,2.2948365685198757,-1.8701863808572732,7.989992964804409,-0.3845942931562578,32.166579237227815,10.308167724491192,2.7640766992684798,878.3610736080639,20.790010549841313,16.935668643319232,9.752165224246959,12.411366477869905,8.585758629304044,5.402255210231769,2.9717435287498843,3.9923642549095417,1.747003459883953,2.563500040811678,0.9755638025579423,1.5879362382537363,79.3517112593444,20.228636537531145,0.0,0.0,11.761884949391115,0.0,0.0,0.0,0.0,0.0,10.96606844936176,276.0204777360002,0.7894736842105263,1.105263157894737,1.368421052631579,0.0,-2.4099999999999997,19,268.209,478394.93225783645,6.157409602318461,5.488322732752067,3.2884791931090227,123.15732279726832,10.934171813302406,0.26900264671365753,10.934171813302406,0.26900264671365753,0.31637944066515433,0.2583096295924413,-1.0726983077181491,-0.2583096295924413,3.654200000000002,70.31580000000002,276.27299999999985,0,6,0,0,0,0,2,0,2,0,27,28,0,5,0,7,0,0,2,4,0,0,0,0,0,96,0.0,0.0,0.0,0.0,11.374772549367124,0.0,20.228636537531145,0.0,0.0,0.0,11.761884949391115,24.16967483065318,33.96064178168873,20.8126905469971,1.7786237418563304,2,20.8126905469971,23.13665749875824,0.0,0.0,0.0,9.79096695103555,0.0,68.5679861988375,0.0,0.0,16.0,0.0,11.374772549367124,0.0,11.761884949391115,9.846622097635342,0.0,20.228636537531145,10.96606844936176,58.13031661234191,0.0,0.0,0.0,86.28,61.934887096763,0.31637944066515433,18.78823045788053,21.868343626604812,-2.0877694452946973,0.0,-6.986737843285462,0.0,0.0,0.0,0,0,0,0,0,0,0,0,0,0,0,0,0,0,0,2,0,0,0,0,0,0,0,0,0,0,0,0,0,0,0,0,0,0,2,0,0,0,0,0,0,0,0,0,0,0,0,0,0,0,0,0,0,0,0,0,0,0,2,2,0,0,0,0,0,0,0,0,0,0,0,0,0,0,0,0,0,0,0,0,0,0,0,0,0,0.6279229323801765
mol_0167,CCC(C)c1cc([N+](=O)[O-])cc([N+](=O)[O-])c1OC(C)=O,,2.5690355371556586,2.2796350754198667,-2.1358775587919054,2.397529549679476,-2.087094247410039,5.729645325523286,-0.39431770780830033,16.636592036003215,9.95953611691978,4.566519023583398,1045.8214053352635,27.40325920389318,23.343916933783095,9.343916933783095,14.8519654011114,11.539882774535975,4.539882774535975,3.055076862083218,3.055076862083218,1.8572516003934183,1.8572516003934183,1.1441751870545078,1.1441751870545078,83.4110596138413,25.023173721602966,0.0,0.0,0.0,0.0,0.0,0.0,0.0,4.736862953800049,19.190619786383078,282.0851861680004,1.55,2.3,2.8,0.4166666666666667,-2.5100000000000002,20,268.14,3326669.8074182337,4.796073162494387,6.089530643098678,3.2797660606113164,133.8716615827762,11.955297737150415,0.41901453928243926,11.955297737150415,0.31836445905770594,1.5958596702569912,0.31836445905770594,-4.323503873771733,-0.41901453928243926,2.9418000000000015,69.76580000000003,282.2519999999997,0,8,0,0,0,0,1,0,1,1,34,34,0,6,0,8,0,0,1,5,0,0,0,0,1,108,4.736862953800049,0.0,0.0,5.749511833283905,5.687386274683562,11.656691562635412,25.023173721602966,0.0,0.0,0.0,13.703784234591359,12.266882586692457,34.906864990698615,18.630557917639074,1.4602917244776377,1,38.568642021890305,17.344077837318974,0.0,0.0,0.0,32.8225589385795,0.0,37.87692544455473,0.0,5.749511833283905,26.2,4.736862953800049,11.374772549367124,5.749511833283905,0.0,15.815927385587191,4.794537184071822,20.228636537531145,57.576630216659616,12.08483741532659,0.0,0.0,0.0,112.58000000000001,109.95863189720333,0.0,31.72051807760141,23.022537399218944,-5.8094987717309134,-8.63108276643991,-3.659610733182162,-4.270366000566894,-11.914462435437141,0.0,0,0,0,0,0,0,0,0,0,0,1,1,0,0,0,2,0,0,0,0,0,0,0,0,0,0,0,0,0,0,0,0,0,0,1,0,0,0,0,0,1,1,0,0,0,0,0,0,0,0,0,0,0,0,0,0,0,0,2,2,0,0,0,0,0,0,0,0,0,0,0,0,0,0,0,0,0,0,0,0,0,0,0,0,0,0.3548404363879586
mol_0168,CC(C)(C)c1cc([N+](=O)[O-])cc([N+](=O)[O-])c1Nc1ccc([N+](=O)[O-])cc1[N+](=O)[O-],,2.7808609098070876,2.312106653497196,-2.227442011698538,2.424892419143917,-2.156623612376691,5.80368291507368,-0.39335914975378405,16.640382188160206,9.84465216249642,3.638015545543176,1585.7867604519267,34.81495457622364,28.502054301210695,13.502054301210695,19.621578903249578,14.249447868680278,6.80223427318032,4.9818833257150565,4.9818833257150565,3.030625633777631,3.030625633777631,1.8985201224503137,1.8985201224503137,120.87358704795773,40.45727307506229,0.0,0.0,0.0,0.0,0.0,0.0,0.0,0.0,20.602461864711277,405.0920624400004,0.8620689655172413,1.4137931034482758,1.896551724137931,0.25,-4.16,29,390.20300000000015,399311515.462198,8.464330777473256,7.456361981157684,4.399470757520702,183.24264499151016,12.19945111069119,0.3440456077045263,12.19945111069119,0.29934936671868484,0.8139734504913076,0.29934936671868484,-4.576117842970524,-0.3440456077045263,4.360500000000004,101.48430000000006,405.32299999999987,1,13,0,0,0,0,2,0,2,0,44,45,0,9,1,13,0,0,2,6,0,0,0,0,0,152,5.309813353288376,11.374772549367124,1.4118420783282006,0.0,22.74954509873425,0.0,40.45727307506229,0.0,0.0,0.0,20.555676351887037,17.02086066875707,24.421664420858566,38.631874391448385,2.176314282934291,2,40.295706059981974,34.124317648101375,0.0,0.0,0.0,25.970666821283817,5.309813353288376,76.23281810507575,0.0,0.0,19.79310344827586,5.309813353288376,34.124317648101375,0.0,0.0,19.693244195270683,5.41499046939678,40.45727307506229,45.30974762996714,30.212093538316473,1.4118420783282006,0.0,0.0,184.59,119.85996065983912,0.0,40.66108553496901,46.49225503950815,-18.484445612675234,0.0,-9.214987008692365,0.0,-13.313868612948704,0.0,0,0,0,0,0,0,0,0,0,0,0,0,0,0,0,4,1,0,0,0,0,0,0,0,0,0,0,0,0,2,0,0,0,0,2,0,0,0,0,0,0,0,0,0,0,0,0,0,0,0,0,0,0,0,0,0,0,0,4,4,0,0,0,0,0,0,0,0,0,0,0,0,0,0,0,0,0,0,0,0,0,0,0,0,0,0.537966659359643
mol_0169,CCCN(CCC)c1c([N+](=O)[O-])cc(C(C)C)cc1[N+](=O)[O-],,2.7411829259059624,2.3050310410364587,-2.233916117854745,2.400875193380812,-2.2638289039897423,5.760074513381076,-0.3923080256735531,16.63378726226679,9.999049150422966,5.02371791157635,1264.6600266794362,36.69615242270663,33.474633948355326,10.474633948355327,19.330127018922195,16.59833073209012,5.098330732090117,3.369056957794982,3.369056957794982,2.109575562670027,2.109575562670027,1.3511916880215222,1.3511916880215222,108.49807488539653,20.228636537531145,0.0,0.0,0.0,0.0,0.0,0.0,0.0,0.0,31.527446791915054,309.1688562160006,1.2272727272727273,1.7272727272727273,2.090909090909091,0.6,-2.1799999999999997,22,286.182,238985537.85511285,3.8286843441180087,7.721839441288639,3.9292396656650084,162.095988768129,12.33675099206349,0.36036502017357175,12.33675099206349,0.2994513905113812,1.2865381708238854,0.2994513905113812,-4.817089120370375,-0.36036502017357175,4.252800000000004,86.63480000000004,309.3659999999996,0,7,0,0,0,0,1,0,1,0,45,45,0,5,0,7,0,0,1,8,0,0,0,0,0,122,4.899909730850478,0.0,5.687386274683562,0.0,11.374772549367124,0.0,20.228636537531145,0.0,0.0,0.0,27.407568469182717,24.203258979718832,53.86448646353315,12.58813920997578,1.3438402625752166,1,41.374068889550415,17.062158824050687,0.0,0.0,0.0,46.04737595720455,17.893629099482368,37.87692544455473,0.0,0.0,31.545454545454547,4.899909730850478,17.062158824050687,0.0,0.0,22.84034146626723,0.0,20.228636537531145,83.13827424081659,12.08483741532659,0.0,0.0,0.0,89.52,179.71111961711532,0.0,19.502124433106573,24.67350198412698,-9.3719105095742,-4.286041666666668,-4.401222600151171,-9.112060657596373,-26.465510600360453,0.0,0,0,0,0,0,0,0,0,0,0,0,0,0,0,0,3,0,0,0,0,0,0,0,0,0,0,0,0,0,1,0,0,0,0,1,0,0,0,0,0,0,0,0,0,0,0,0,0,0,0,0,0,0,0,0,0,0,0,2,2,0,0,0,0,0,0,0,0,0,0,0,0,0,0,0,0,0,0,0,0,0,0,0,0,0,0.5285682767991541
mol_0170,CCCN(CCC)c1c([N+](=O)[O-])cc(C(C)=O)cc1[N+](=O)[O-],,2.694938141107779,2.308031506010512,-2.2290107756611564,2.386961439230726,-2.2644398230006813,5.971218938648498,-0.39224457254189155,16.633816219087826,10.066788750440578,4.818616974184971,1186.7254271903946,33.27350269189626,29.382882238819192,10.38288223881919,17.740810621445153,14.552454877322049,5.052454877322049,3.3231811030269136,3.3231811030269136,2.0866376352859928,2.0866376352859928,1.3397227243295053,1.3397227243295053,101.53547002910273,25.023173721602966,0.0,0.0,0.0,0.0,0.0,0.0,0.0,0.0,26.044412567234176,309.1324707080005,1.2272727272727273,1.7272727272727273,2.090909090909091,0.5,-2.5100000000000002,22,290.17,53914954.01050735,4.497693319674019,7.484573376396271,3.7758881587017346,154.27268675310495,12.435716684860354,0.36036463370648913,12.435716684860354,0.2998945556156998,1.2136096938775514,0.2998945556156998,-4.717953632842029,-0.36036463370648913,3.3320000000000016,82.55030000000004,309.32199999999966,0,8,0,0,0,0,1,0,1,0,41,41,0,6,0,8,0,0,1,8,0,0,0,0,0,120,4.899909730850478,0.0,11.470631221048501,0.0,11.374772549367124,0.0,25.023173721602966,0.0,0.0,0.0,13.703784234591359,19.597741919954437,53.944903730549264,12.58813920997578,1.5301507125285239,1,40.68557184894136,22.845403770415626,0.0,0.0,0.0,33.3015261545458,17.893629099482368,37.87692544455473,0.0,0.0,27.363636363636363,4.899909730850478,17.062158824050687,0.0,0.0,28.623586412632168,0.0,20.228636537531145,69.70392739754882,12.08483741532659,0.0,0.0,0.0,106.59,146.07283212176563,0.0,31.665030743817272,24.14652730536659,-8.689171469513733,-2.2514229812295294,-3.9958985260770974,-8.94946420697909,-21.58176632048341,0.0,0,0,0,0,0,0,0,0,0,0,1,1,0,0,0,3,0,0,0,0,0,0,0,0,0,0,0,0,0,1,0,0,0,0,1,0,0,0,0,0,0,0,0,0,0,0,0,0,0,0,0,1,1,0,0,0,0,0,2,2,0,0,0,0,0,0,0,0,0,0,0,0,0,0,0,0,0,0,0,0,0,0,0,0,0,0.41389816670348883
mol_0171,CCC(C)c1cc([N+](=O)[O-])cc([N+](=O)[O-])c1OC(=O)Oc1ccc([N+](=O)[O-])cc1[N+](=O)[O-],,2.83963218777114,2.307306939867085,-2.143404772567308,2.4054586442709818,-2.1689430628262576,5.7302799761612935,-0.3942980715647533,16.731620347461423,9.959886943500804,3.142356751163437,1712.1884648381624,36.229168138596734,28.779585577102328,14.779585577102328,20.58790539843837,14.375641403840017,7.375641403840018,5.035238767035903,5.035238767035903,3.1447434251962183,3.1447434251962183,1.9080067142602455,1.9080067142602455,121.84339044140879,45.25181025913411,0.0,0.0,0.0,0.0,0.0,0.0,0.0,9.473725907600098,19.190619786383078,450.06590726800033,1.0,1.625,2.15625,0.23529411764705882,-4.690000000000001,32,436.20400000000024,1110253375.123653,10.56032649752161,9.414973191703131,5.0711032988774205,196.9833103489501,12.849639668367345,0.5194298296781934,12.849639668367345,0.5194298296781934,1.474778199064156,0.38730823294891115,-4.524006018015308,-0.38730823294891115,4.410700000000003,104.85960000000006,450.316,0,15,0,0,0,0,2,0,2,1,46,47,0,11,0,15,0,0,2,8,0,0,0,0,1,168,9.473725907600098,0.0,0.0,11.49902366656781,11.374772549367124,17.530138178905883,40.45727307506229,4.794537184071822,0.0,0.0,13.703784234591359,18.309301294355752,29.98511591255556,38.631874391448385,3.1070372146811933,2,53.15212707332573,28.904910728273006,0.0,0.0,0.0,25.970666821283817,0.0,76.23281810507575,0.0,11.49902366656781,19.875,9.473725907600098,27.54408228280607,11.49902366656781,0.0,25.84860982480944,0.0,40.45727307506229,50.72473809936393,30.212093538316473,0.0,0.0,0.0,208.09,118.1875431104541,0.0,52.69910633752097,46.39429699460602,-9.744993858502486,-8.447314024860022,-8.860743792868387,-7.038254426573626,-8.522973673109894,0.0,0,0,0,0,0,0,0,0,0,0,1,1,0,0,0,4,0,0,0,0,0,0,0,0,0,0,0,0,0,0,0,0,0,0,2,0,0,0,0,0,0,2,0,0,0,0,0,0,0,0,0,0,0,0,0,0,0,0,4,4,0,0,0,0,0,0,0,0,0,0,0,0,0,0,0,0,0,0,0,0,0,0,0,0,0,0.2377808833428529
mol_0172,CC(=O)Oc1c(C(C)(C)C)cc([N+](=O)[O-])c(C)c1[N+](=O)[O-],,2.5746274095345214,2.348534453315751,-2.2184098878333827,2.440765778158233,-2.1731165161194914,5.7498625685141596,-0.3954294737425225,16.636823664155088,9.843327201904742,4.939421662486413,1091.1291805446808,29.90325920389318,25.843916933783095,9.843916933783095,16.063290266516585,12.789882774535975,4.789882774535975,3.5550768620832183,3.5550768620832183,2.0940549992684074,2.0940549992684074,1.3489933162800174,1.3489933162800174,89.78398451517066,25.023173721602966,0.0,0.0,0.0,0.0,0.0,0.0,0.0,4.736862953800049,21.932136898723517,296.1008362320004,1.3333333333333333,2.0,2.4285714285714284,0.46153846153846156,-2.5100000000000002,21,280.151,9287896.290328318,4.754776870037922,5.4686682176174335,3.3318132142041352,143.04654469750838,12.163191137566137,0.41899120007918655,12.163191137566137,0.3212511608639235,1.736897085222977,0.3212511608639235,-4.474970710506426,-0.41899120007918655,3.034220000000002,74.49680000000001,296.2789999999997,0,8,0,0,0,0,1,0,1,0,37,37,0,6,0,8,0,0,1,3,0,0,0,0,0,114,4.736862953800049,5.563451491696996,0.0,5.749511833283905,5.687386274683562,11.656691562635412,25.023173721602966,0.0,0.0,0.0,20.555676351887037,12.266882586692459,39.019140659209285,11.217380653805561,1.2382046262399469,1,41.310159134230744,17.344077837318974,0.0,0.0,0.0,39.674451055875174,0.0,37.39795822858843,0.0,5.749511833283905,25.333333333333332,4.736862953800049,11.374772549367124,5.749511833283905,0.0,15.815927385587191,10.209527653468601,27.080528654826825,60.46660835130028,6.042418707663295,0.0,0.0,0.0,112.58000000000001,125.9760631613757,0.0,32.35489555776014,23.731096308893925,-12.899461451247166,-4.631161659108086,-2.084776077097506,0.0,-20.77998917391031,0.0,0,0,0,0,0,0,0,0,0,0,1,1,0,0,0,2,0,0,0,0,0,0,0,0,0,0,0,0,0,0,0,0,0,0,1,0,0,0,0,0,1,1,0,0,0,0,0,0,0,0,0,0,0,0,0,0,0,0,2,2,0,0,0,0,0,0,0,0,0,0,0,0,0,0,0,0,0,0,0,0,0,0,0,0,0,0.36641923723989167
mol_0173,CC(=O)Oc1c([N+](=O)[O-])cc([N+](=O)[O-])cc1C(C)(C)C,,2.5201390078779298,2.313806258791537,-2.2099219107042902,2.41045929606071,-2.164231890096266,5.732205984815641,-0.3943500501779721,16.636599219995023,9.852702423564507,4.709796284409757,1002.2725303136286,27.40325920389318,23.343916933783095,9.343916933783095,14.8519654011114,11.539882774535975,4.539882774535974,3.3050768620832174,3.3050768620832174,1.857251600393418,1.857251600393418,1.169690705208499,1.169690705208499,83.41105961384129,25.023173721602966,0.0,0.0,0.0,0.0,0.0,0.0,0.0,4.736862953800049,19.190619786383078,282.0851861680004,1.3,1.95,2.4,0.4166666666666667,-2.51,20,268.14,2966183.4511602605,4.796073162494388,5.235691048605129,3.2797660606113177,133.87166158277617,11.99291052532124,0.41900322656223365,11.99291052532124,0.31837558669724514,1.6112720852229767,0.31837558669724514,-4.349545540438398,-0.41900322656223365,2.7258000000000013,69.75980000000003,282.2519999999997,0,8,0,0,0,0,1,0,1,0,34,34,0,6,0,8,0,0,1,3,0,0,0,0,0,108,4.736862953800049,0.0,0.0,5.749511833283905,5.687386274683562,11.656691562635412,25.023173721602966,0.0,0.0,0.0,20.555676351887037,5.41499046939678,34.906864990698615,18.630557917639074,1.255537866266358,1,38.5686420218903,17.344077837318974,0.0,0.0,0.0,32.8225589385795,0.0,37.87692544455473,0.0,5.749511833283905,23.8,4.736862953800049,11.374772549367124,5.749511833283905,0.0,15.815927385587191,10.209527653468601,20.228636537531145,52.16163974726284,12.08483741532659,0.0,0.0,0.0,112.58000000000001,110.32630692554804,0.0,31.802531612181916,23.097762975560595,-10.25747826908541,-4.3656216931216925,-3.717653533635676,0.0,-16.469181350781053,0.0,0,0,0,0,0,0,0,0,0,0,1,1,0,0,0,2,0,0,0,0,0,0,0,0,0,0,0,0,0,0,0,0,0,0,1,0,0,0,0,0,1,1,0,0,0,0,0,0,0,0,0,0,0,0,0,0,0,0,2,2,0,0,0,0,0,0,0,0,0,0,0,0,0,0,0,0,0,0,0,0,0,0,0,0,0,0.3642908624921126
mol_0174,CCC(CC)Nc1c([N+](=O)[O-])cc(C)c(C)c1[N+](=O)[O-],,2.6664701096822214,2.2968357755283444,-2.171567105323119,2.391461241070186,-2.1906823152302053,5.774958886497238,-0.39233720169762354,16.633782127676163,10.031618915807366,4.788477225744357,1139.8252532120484,31.696152422706632,28.474633948355326,9.474633948355327,16.830127018922195,14.071937529840097,4.624723934340138,3.145450160045003,3.145450160045003,2.004370464357543,2.004370464357543,1.203781835605297,1.203781835605297,95.5592267062228,20.228636537531145,0.0,0.0,0.0,0.0,0.0,0.0,0.0,0.0,26.085496089392155,281.1375560880005,1.45,2.15,2.6,0.5384615384615384,-2.1799999999999997,20,262.15999999999997,21996770.523402188,3.71870831011061,6.3143183488622,3.0377755333922485,143.59430768430755,12.086240787981858,0.3711157085412046,12.086240787981858,0.30209149820081865,1.1958493953136813,0.30209149820081865,-4.716299012660621,-0.3711157085412046,3.720340000000003,77.21750000000003,281.3119999999996,1,7,0,0,0,0,1,0,1,0,39,39,0,5,1,7,0,0,1,6,0,0,0,0,0,110,5.309813353288376,0.0,7.099228353011763,0.0,5.687386274683562,5.687386274683562,20.228636537531145,0.0,0.0,0.0,13.703784234591359,32.013085528947116,39.55589956643347,12.58813920997578,1.1740554058298884,1,35.932118187027505,17.062158824050687,0.0,0.0,0.0,46.17131074019112,5.309813353288376,37.39795822858843,0.0,0.0,29.1,5.309813353288376,17.062158824050687,0.0,0.0,15.864514565984987,0.0,33.932420772122505,62.25019103170813,6.042418707663295,1.4118420783282006,0.0,0.0,98.31,146.45843994079115,0.0,20.454151549508687,22.830246126228268,-10.230068578357269,0.0,-6.62350753495843,-9.042813444822379,-16.096448058390028,0.0,0,0,0,0,0,0,0,0,0,0,0,0,0,0,0,2,1,0,0,0,0,0,0,0,0,0,0,0,0,1,0,0,0,0,1,0,0,0,0,0,0,0,0,0,0,0,0,0,0,0,0,0,0,0,0,0,0,0,2,2,0,0,0,0,0,0,0,0,0,0,0,0,0,0,0,0,0,0,0,0,0,0,0,0,0,0.6324787439003923
mol_0175,CCCN(CCC)c1c([N+](=O)[O-])cc(C)cc1[N+](=O)[O-],,2.6293626181204055,2.2931725313423845,-2.2283476971588243,2.383140164989531,-2.2626919303637836,5.7566763619899834,-0.3922733205400092,16.633777055067316,10.108054097052406,4.788314641197948,1090.0850282163753,31.696152422706632,28.474633948355326,9.474633948355327,16.830127018922195,14.098330732090117,4.598330732090117,2.994056957794982,2.994056957794982,1.8595755626700274,1.8595755626700274,1.2261916880215227,1.2261916880215227,95.75222508273777,20.228636537531145,0.0,0.0,0.0,0.0,0.0,0.0,0.0,0.0,26.044412567234176,281.1375560880005,1.2,1.7,2.05,0.5384615384615384,-2.1799999999999997,20,262.15999999999997,21386467.76190689,3.71870831011061,6.833377218470976,3.431646435144893,143.74622253866454,11.996189767573693,0.3603650254697164,11.996189767573693,0.2994304334165227,1.1583493953136812,0.2994304334165227,-4.656498842592595,-0.3603650254697164,3.437820000000002,77.28280000000004,281.3119999999996,0,7,0,0,0,0,1,0,1,0,39,39,0,5,0,7,0,0,1,7,0,0,0,0,0,110,4.899909730850478,0.0,5.687386274683562,0.0,11.374772549367124,0.0,20.228636537531145,0.0,0.0,0.0,13.703784234591359,25.161193411651436,48.381452238852255,12.58813920997578,1.270566832422427,1,35.89103466486952,17.062158824050687,0.0,0.0,0.0,33.3015261545458,17.893629099482368,37.87692544455473,0.0,0.0,29.1,4.899909730850478,17.062158824050687,0.0,0.0,22.84034146626723,0.0,27.080528654826825,58.057498096181355,12.08483741532659,0.0,0.0,0.0,89.52,146.55799492945326,0.0,19.267217970521536,23.992379535147386,-8.244302799823632,0.0,-3.7387226001511724,-8.847245842781565,-21.237321192365837,0.0,0,0,0,0,0,0,0,0,0,0,0,0,0,0,0,3,0,0,0,0,0,0,0,0,0,0,0,0,0,1,0,0,0,0,1,0,0,0,0,0,0,0,0,0,0,0,0,0,0,0,0,0,0,0,0,0,0,0,2,2,0,0,0,0,0,0,0,0,0,0,0,0,0,0,0,0,0,0,0,0,0,0,0,0,0,0.5637604303464109
mol_0176,CCC(C)Nc1c([N+](=O)[O-])cc(C(C)(C)C)cc1[N+](=O)[O-],,2.6891028147610094,2.299820955103451,-2.2020183466192327,2.391657519079566,-2.1771052123109125,5.7516034009555606,-0.3920608574258615,16.633719140962317,9.858456731420405,4.86633933682115,1182.5660740833105,34.19615242270663,30.974633948355326,9.974633948355327,18.118802153517006,15.321937529840097,4.874723934340138,3.520450160045003,3.520450160045003,2.0175670654825533,2.0175670654825533,1.1959865897090387,1.1959865897090387,101.93215160755219,20.228636537531145,0.0,0.0,0.0,0.0,0.0,0.0,0.0,0.0,28.827013201732598,295.15320615200056,1.4285714285714286,2.0,2.380952380952381,0.5714285714285714,-2.1799999999999997,21,274.171,70289490.39802471,3.7690552791428837,6.069762940282141,3.899181501817987,152.7691907990398,12.147748133975812,0.37139276099145585,12.147748133975812,0.2992572881155662,1.1625075585789872,0.2992572881155662,-4.545300925925931,-0.37139276099145585,4.010900000000003,81.82650000000004,295.3389999999996,1,7,0,0,0,0,1,0,1,1,42,42,0,5,1,7,0,0,1,5,0,0,0,0,1,116,5.309813353288376,0.0,7.099228353011763,0.0,11.374772549367124,0.0,20.228636537531145,0.0,0.0,0.0,27.407568469182717,24.203258979718836,41.40562533856999,13.958897766146,1.0893939072960113,1,38.67363529936795,17.062158824050687,0.0,0.0,0.0,52.065268425554194,5.309813353288376,37.87692544455473,0.0,0.0,32.666666666666664,5.309813353288376,17.062158824050687,0.0,0.0,15.864514565984987,5.41499046939678,20.228636537531145,73.61100810290917,12.08483741532659,1.4118420783282006,0.0,0.0,98.31,163.29800469456987,0.0,20.579832057823133,23.132988709372636,-13.336832640463593,0.0,-8.862779195011342,-4.405142195767193,-21.406071430523543,0.0,0,0,0,0,0,0,0,0,0,0,0,0,0,0,0,2,1,0,0,0,0,0,0,0,0,0,0,0,0,1,0,0,0,0,1,0,0,0,0,0,0,0,0,0,0,0,0,0,0,0,0,0,0,0,0,0,0,0,2,2,0,0,0,0,0,0,0,0,0,0,0,0,0,0,0,0,0,0,0,0,0,0,0,0,0,0.6532328870611303
mol_0177,CN(CCO)c1ccc(N=Nc2c(Cl)cc([N+](=O)[O-])cc2Cl)cc1,,2.792524421575067,2.13967370268652,-2.169856960061601,2.3737153474146004,-2.202420268032431,6.385732601232881,-0.3844107557651881,35.49683616771963,10.243031245058202,2.8370509086525937,1279.332688770247,29.70422411221441,25.269528199409876,12.781386091446786,17.1446763804601,12.647126066875007,6.4948067224295984,3.778777117210116,4.534706063228571,2.284339186396211,2.831334510351141,1.2956449565855532,1.7875926560220066,94.00430684852881,10.114318268765572,0.0,4.899909730850478,0.0,0.0,0.0,0.0,0.0,15.337308442366009,42.45294066791054,368.04429566800036,1.375,2.0416666666666665,2.5833333333333335,0.2,-2.2199999999999993,24,355.0960000000001,45803823.32000072,6.952252101690133,8.049897157178384,4.408470160543624,167.599934372379,11.10171433681781,0.39453650876050866,11.10171433681781,0.2720711433545373,0.3759821900723366,0.2720711433545373,-3.7337554418224634,-0.39453650876050866,4.745500000000003,94.0902,369.20799999999986,1,7,0,0,0,0,2,0,2,0,38,39,0,6,1,9,0,0,2,7,0,0,0,0,0,126,10.00871792195769,5.687386274683562,0.0,1.4311996572326342,5.687386274683562,0.0,10.114318268765572,0.0,5.114250125629398,5.114250125629398,23.20187978046503,24.16967483065318,35.357185943119006,40.92253475560239,2.3318714345576184,2,27.85198047013774,45.95142487919928,1.4311996572326342,0.0,10.228500251258795,0.0,24.931581558364957,56.41409714222799,0.0,0.0,21.083333333333332,4.899909730850478,22.74954509873425,0.0,23.20187978046503,31.494990724671997,0.0,10.114318268765572,17.819861230212858,46.48301249723856,10.045266627482652,0.0,0.0,91.33,108.95313977874297,11.793684797425081,9.650457795651924,20.332071740159382,-3.79584939782195,0.0,-6.483624912470926,0.0,-10.977657579464235,0.0,0,1,0,0,0,0,0,0,0,0,0,0,0,0,0,4,0,0,0,1,0,0,0,0,0,0,0,0,0,1,0,0,1,0,2,0,0,0,0,0,0,0,0,0,2,0,0,0,0,0,0,0,0,0,0,0,0,0,1,1,0,0,0,0,0,0,0,0,0,0,0,0,0,0,0,0,0,0,0,0,0,0,0,0,0,0.45205596524904695
mol_0178,O=[N+]([O-])c1cc(Cl)c(N=Nc2ccc(N3CCS(=O)(=O)CC3)cc2)c(Cl)c1,,2.838863359830281,2.2120922012049014,-2.2819473245768918,2.374521817749101,-2.397079284139014,7.9101595827305555,-0.38441093234918244,35.496837267775405,10.232758850391898,2.326988440198914,1561.5840369938064,31.99711733102786,26.586024780337603,14.91437925330224,18.334016208680282,13.52633525497641,8.765427448589255,4.496079376394348,6.667130188263217,2.7105148710125953,3.977541859367846,1.570835716063306,2.536746929060312,113.11343102721455,18.53211525309451,0.0,0.0,0.0,0.0,0.0,0.0,0.0,10.228500251258795,42.39249956684813,428.01128128800036,1.1111111111111112,1.6666666666666667,2.185185185185185,0.25,-2.2299999999999995,27,415.1730000000002,187154905.8601711,8.419822713115906,7.79191239304148,4.736314456398365,184.70353970470973,12.565713555528653,0.3694949571913638,12.565713555528653,0.2720711433545373,0.4528571900723364,0.2720711433545373,-5.8850480985076485,-0.3694949571913638,4.551800000000003,104.60120000000002,429.2849999999999,0,8,0,1,1,0,2,0,2,0,41,43,0,7,0,11,1,0,3,4,0,1,1,0,0,142,4.899909730850478,5.687386274683562,9.837253136417502,0.0,5.687386274683562,0.0,10.114318268765572,8.417796984328938,5.114250125629398,5.114250125629398,23.20187978046503,24.16967483065318,36.24897728332293,45.773463282986434,2.4298711461311098,3,32.531727819529685,55.78867801561678,0.0,0.0,10.228500251258795,0.0,29.30354286978268,56.414097142227995,0.0,0.0,31.555555555555557,4.899909730850478,22.74954509873425,0.0,23.20187978046503,37.74474117207882,9.837253136417502,10.114318268765572,19.190619786383078,46.48301249723856,10.045266627482652,0.0,0.0,105.23999999999998,137.44451958473346,11.805414711284117,9.585648910803052,16.56406637751261,-12.413909225112048,0.0,-6.968366562253787,0.0,-7.993436809570851,-5.8850480985076485,0,0,0,0,0,0,0,0,0,0,0,0,0,0,0,4,0,0,0,0,0,0,0,0,0,0,0,0,0,1,0,0,1,0,2,0,0,0,0,0,0,0,0,0,2,0,0,0,0,0,0,0,0,0,0,0,0,0,1,1,0,0,0,0,0,0,0,0,0,0,0,0,0,0,0,0,0,1,0,0,0,0,0,0,0,0.40279116167636536
mol_0179,CCCOCCOC(=O)C1=C(C)NC(C)=C(C(=O)OCCOCCC)C1c1cccc([N+](=O)[O-])c1,,3.068374423116076,2.381443247623307,-2.300872391463306,2.3968745566569485,-2.327846961701842,5.995063127517603,-0.3844841270189498,16.628799095654593,9.800060149545205,3.378828700366204,2190.359026171332,55.41133089340096,50.660413514710825,16.66041351471082,29.910678353501407,25.27442381273932,8.327210217239365,5.260269260500161,5.260269260500161,3.3268165004203603,3.3268165004203603,2.1631783310040764,2.1631783310040764,165.53382267599605,21.074151193079437,0.0,0.0,0.0,0.0,0.0,0.0,0.0,18.947451815200196,45.27611587577526,490.2315160480009,1.0571428571428572,1.6285714285714286,2.1142857142857143,0.52,-3.2399999999999998,35,456.2810000000003,7266598754963.368,6.742492934098374,14.226483294285938,7.897312452913026,252.7873827373016,14.4547666190131,0.4598044317483309,14.4547666190131,0.3363339559877765,1.0034554939208618,0.3363339559877765,-4.851525337637352,-0.4598044317483309,3.7692000000000023,128.51110000000006,490.55299999999966,1,10,0,1,1,0,1,0,1,0,69,70,0,9,1,10,1,0,2,14,0,0,0,0,0,192,24.257265168488573,13.117970485832577,1.4118420783282006,0.0,5.687386274683562,11.938610575903699,10.114318268765572,9.589074368143644,0.0,0.0,25.78862164991795,32.013085528947116,59.899781982164626,57.01358517887544,2.7406275168226144,2,80.106711664107,17.62599685058726,0.0,5.309813353288376,0.0,46.04737595720455,39.35391145749773,62.38773227736595,0.0,0.0,34.22857142857143,5.309813353288376,5.687386274683562,0.0,0.0,56.21583308221909,28.536526183343838,10.114318268765572,96.84585980251875,46.70996251690338,1.4118420783282006,0.0,0.0,126.23000000000002,287.8348677990465,0.0,39.4048541205198,11.200075367268797,-14.034355573111888,-10.953683734757242,-7.628531443003849,-8.557994450526383,-45.01523208543579,0.0,0,0,0,0,0,0,0,0,0,0,2,2,0,0,0,1,1,0,0,0,0,0,0,0,0,0,2,0,0,0,0,0,0,0,1,0,0,0,1,0,2,4,0,0,0,0,0,0,0,0,0,0,0,0,0,0,0,0,1,1,0,0,0,0,0,0,0,0,0,0,0,0,0,0,0,0,0,0,0,0,0,0,0,0,0,0.17940484176673915
mol_0180,CCCCCCCCCOC(=O)C1=CNC=C(C(=O)NC2CCCC2)C1c1ccccc1[N+](=O)[O-],,3.2518886950162322,2.370737691625053,-2.2613971402464235,2.3884123607793746,-2.3744323488021144,6.010409038411834,-0.3852057547240194,16.628527220222463,9.820384071726563,2.524178630273383,2502.5648957482267,57.867360819030935,53.88288223881919,16.88288223881919,31.26137211637857,27.194106132347645,8.799678941347732,5.573271164290643,5.573271164290643,3.5610909167322458,3.5610909167322458,2.2829130820816284,2.2829130820816284,181.76305891646226,21.074151193079437,0.0,0.0,0.0,0.0,0.0,0.0,0.0,4.736862953800049,49.42947506644391,483.27332128400104,1.2571428571428571,1.9428571428571428,2.6857142857142855,0.5555555555555556,-3.1599999999999997,35,446.3130000000003,47307962528401.2,6.0345472591386216,13.657801583745872,7.408999293386159,258.9936304403947,14.647244097682986,0.46226704564091137,14.647244097682986,0.3359732762190584,0.8336562065291155,0.3359732762190584,-5.176898080587866,-0.46226704564091137,5.402000000000005,134.48979999999995,483.6089999999996,2,8,1,1,2,1,1,0,1,1,72,74,0,6,2,8,1,0,3,13,1,0,1,0,1,190,15.356489660376802,0.0,2.8236841566564013,5.907179729351506,5.687386274683562,5.969305287951849,14.908855452837393,4.794537184071822,0.0,0.0,75.9625474509206,19.118774703988137,71.18860271624924,35.28618551269829,2.3548185460872224,3,70.04948199337551,17.563871291986917,0.0,10.619626706576751,0.0,88.86591618563158,6.558985242916289,63.34566670929855,0.0,0.0,46.51428571428571,10.619626706576751,5.687386274683562,0.0,0.0,29.37667377738696,14.325937321943691,10.114318268765572,136.3880246749365,47.66789694883598,2.8236841566564013,0.0,0.0,110.57,308.23064204646835,0.0,39.9342205178758,10.468853180913447,-9.212937343946267,-10.652015061850433,-11.699375785277354,-56.50661754010979,-9.312770014073823,0.0,0,0,0,0,0,0,0,0,0,0,2,2,0,0,0,1,2,0,0,0,0,0,0,0,0,0,0,1,0,0,0,0,0,0,1,0,0,0,1,0,1,1,0,0,0,0,0,0,0,0,0,0,0,0,0,0,0,0,1,1,0,0,0,0,1,0,0,0,0,0,0,0,0,0,0,0,0,0,0,0,0,0,0,0,0,0.16814260649732005
mol_0181,COCCOC(=O)C1=C(C)NC(C)=C(C(=O)OC/C=C/c2ccccc2)C1c1cccc([N+](=O)[O-])c1,,3.0914602156389566,2.3808016697711176,-2.299943593928001,2.397146928520906,-2.3249728040510913,5.995634972082017,-0.3844841041216932,16.628629990169888,9.80004359348221,2.6988955803475205,2404.635330073171,50.323026265731414,45.25216522424696,17.25216522424696,28.450365257903723,22.866175522275462,8.918961926775502,5.852020970036298,5.852020970036298,3.768525688521762,3.768525688521762,2.4454806280294275,2.4454806280294275,174.32487389096428,21.074151193079437,0.0,0.0,0.0,0.0,0.0,0.0,0.0,14.210588861400147,37.05156453875393,492.18965123600077,1.1666666666666667,1.8888888888888888,2.5555555555555554,0.25925925925925924,-4.239999999999998,36,464.3040000000003,2561349631053.82,7.878410057988133,12.459573601178432,6.4535119063599025,248.1517372230812,14.476321792727138,0.45980471186544125,14.476321792727138,0.3365666368719149,0.8463560718641405,0.3365666368719149,-4.617101353716162,-0.45980471186544125,4.275800000000004,133.64309999999995,492.5279999999998,1,9,0,1,1,0,2,0,2,1,64,66,0,8,1,9,1,0,3,10,0,0,0,0,1,188,19.520402214688524,13.117970485832577,1.4118420783282006,0.0,5.687386274683562,11.938610575903699,10.114318268765572,9.589074368143644,0.0,0.0,48.34900269967863,30.882758964020915,40.1121783935124,55.93763416064002,2.7267119438268774,3,67.14529737328566,23.678068596622825,0.0,5.309813353288376,0.0,19.597741919954437,26.714908187631455,104.215349053415,0.0,0.0,31.944444444444443,5.309813353288376,5.687386274683562,0.0,0.0,43.57682981235282,23.79966322954379,10.114318268765572,67.73512591994444,82.97412780125543,1.4118420783282006,6.052071746035566,0.0,117.0,240.11046018109596,0.0,39.31473690263768,11.322509176803067,-14.144004645976164,-10.226524787203918,-16.38276045015809,0.0,-21.559863050955304,-3.8512199929098756,0,0,0,0,0,0,0,0,0,0,2,2,0,0,0,1,1,0,0,0,0,0,0,0,0,0,2,0,0,0,0,0,0,0,2,0,0,0,1,0,2,3,0,0,0,0,0,0,0,0,0,0,0,0,0,1,0,0,1,1,0,0,0,0,0,0,0,0,0,0,0,0,0,0,0,0,0,0,0,0,0,0,0,0,0,0.2261188375310288
mol_0182,O=[N+]([O-])c1ccc(O)c(CNCCCl)c1,,2.473976371670259,2.0888772637721384,-2.044775798445002,2.21944738976114,-2.153074674256275,6.175410936848693,-0.3844947936267475,35.49566299835018,10.15220314612589,3.863567120647058,738.84757228882,20.825908934703556,17.997136535400735,7.7530654814191875,11.52881542390594,8.784537032620415,3.8070396196658205,2.114742042944234,2.303724279448848,1.2133352041203986,1.2978506295932504,0.6598755565730845,0.7021332693095103,64.18655621676598,10.114318268765572,0.0,0.0,0.0,0.0,0.0,0.0,0.0,5.1088081911072125,26.780808631325325,230.045819892,1.8666666666666667,2.6666666666666665,3.2666666666666666,0.3333333333333333,-1.33,15,219.563,147248.59966544213,3.6056489857443754,5.526437056275059,3.376171507989839,107.4259697400838,11.056056901927438,0.5076150991092845,11.056056901927438,0.2931090976814576,0.6292876039304609,0.2931090976814576,-3.5134930476820365,-0.5076150991092845,1.6287999999999998,57.18790000000003,230.6510000000001,2,5,0,0,0,0,1,0,1,0,26,26,0,4,2,6,0,0,1,6,0,0,0,0,0,82,10.418621544395588,7.161353911612106,0.0,0.0,7.118585931916196,0.0,10.114318268765572,0.0,0.0,11.600939890232516,0.0,6.042418707663295,44.69866633605052,9.035586717328332,1.32842614444922,1,23.78078832378506,17.28832616491608,1.4311996572326342,5.309813353288376,0.0,6.496859684315945,12.328966407689654,33.80502588345245,0.0,5.749511833283905,23.733333333333334,5.309813353288376,5.687386274683562,5.749511833283905,11.600939890232516,23.792285304847173,6.496859684315945,10.114318268765572,17.900278497228975,18.127256122989884,1.4118420783282006,0.0,0.0,75.4,82.54866507534085,5.2044487398869,9.805819694647406,14.434798162320483,-2.585637440161249,-4.420404541446208,-3.606604050313541,0.0,-7.019974529163518,0.0,0,0,0,0,0,0,0,1,0,0,0,0,0,0,0,1,1,0,0,0,0,0,0,0,0,1,0,0,0,0,0,0,0,0,1,0,0,0,0,0,0,0,0,0,1,0,0,0,0,0,0,0,0,0,0,0,0,0,1,1,0,0,0,0,0,1,1,0,0,0,0,0,0,0,0,0,0,0,0,0,0,0,0,0,0,0.34894127364613536
mol_0183,O=C(O)CCC(=O)OCC(NC(=O)C(Cl)Cl)C(O)c1ccc([N+](=O)[O-])cc1,,2.880280433949069,2.267445044196904,-2.2418019445957347,2.21123842260025,-2.4465223217106566,6.530400140595205,-0.38445427779159635,35.539169295088634,10.021185604814416,4.256184112819269,1317.5556371310192,34.47217330464553,28.416342460729275,13.928200352766185,19.07136195602436,13.856512430980482,6.848731200571251,3.864853399396058,4.814246443833854,2.1185591520367084,2.441893352944503,1.115131468038676,1.1996468935115274,99.71449417472144,24.49792982098104,0.0,0.0,0.0,0.0,0.0,0.0,0.0,14.954479336014472,45.29598240347138,422.0283708320004,1.4074074074074074,2.074074074074074,2.5925925925925926,0.4,-2.4299999999999997,27,407.0770000000002,237377851.11904308,8.293050425933773,10.654179714553926,7.769221129165048,185.4227566941456,12.655655929954793,0.48121892883046447,12.655655929954793,0.30594840371047954,1.189849300831444,0.30594840371047954,-4.719586876417235,-0.48121892883046447,1.3247,93.30970000000002,423.2049999999999,3,10,0,0,0,1,1,0,1,2,43,43,0,8,3,12,0,0,1,11,0,0,0,0,2,148,20.26429268930285,12.639003269866276,6.22416340777994,1.4311996572326342,13.025765661267702,11.938610575903699,24.49792982098104,0.0,0.0,0.0,23.20187978046503,17.648288907023584,17.567871640007468,36.02388032535806,3.2724314673983854,1,53.49310524558871,46.735056360403796,2.8623993144652684,5.309813353288376,0.0,29.65608162741013,6.558985242916289,39.847444591115746,0.0,0.0,25.555555555555557,5.309813353288376,5.687386274683562,0.0,23.20187978046503,51.807116434237614,19.120474506015515,10.114318268765572,42.20918055151862,24.16967483065318,1.4118420783282006,1.4311996572326342,0.0,156.07,128.84300264219698,10.604379337952984,43.18737763298483,17.40315830962509,-3.335900857023085,-7.574874637772396,-11.299474991847472,-12.885858337477428,-4.719586876417235,0.0,1,1,0,0,0,0,0,0,1,1,3,2,0,0,0,1,1,0,0,0,0,0,0,0,0,2,0,1,0,0,0,0,0,0,1,0,0,0,0,0,1,1,0,0,2,0,0,0,0,0,0,0,0,0,0,0,0,0,1,1,0,0,0,0,0,0,0,0,0,0,0,0,0,0,0,0,0,0,0,0,0,0,0,0,0,0.22023098082609954
mol_0184,O=[N+]([O-])c1ccc(C(O)C2COC(C(Cl)Cl)=N2)cc1,,2.8360978038379163,2.293195256393644,-2.1355785174437805,2.2581758539735084,-2.1729949806785,6.531375430467857,-0.3844524260230758,35.539168457907955,10.032321142158494,2.914876468924029,896.883410718172,22.74012249707665,18.783349298873823,10.295207190910732,12.95904875155481,9.434553964088934,5.282234619643525,3.039938442265527,3.989331486703326,1.8559118865968747,2.1792460875046697,1.0509399278846723,1.2126070283385697,69.71078605787667,10.114318268765572,0.0,0.0,0.0,0.0,0.0,0.0,0.0,14.83807587754293,36.969906443229654,304.0017621600003,1.736842105263158,2.4210526315789473,2.8947368421052633,0.36363636363636365,-1.37,19,295.03700000000003,850772.6191952982,5.948317132030925,5.728855556506606,3.147220466660282,132.44926744158224,11.04793280054982,0.4766263997503547,11.04793280054982,0.268945133167067,1.0910415616864027,0.268945133167067,-3.466098198538675,-0.4766263997503547,2.2291999999999996,70.72520000000003,305.11699999999985,1,6,0,1,1,0,1,0,1,2,29,30,0,5,1,8,1,0,2,5,0,0,0,0,2,102,9.84567114490726,18.656895738215923,4.8123213294517395,7.328945001590245,5.687386274683562,0.0,10.114318268765572,4.992404732635669,0.0,0.0,23.20187978046503,17.648288907023584,12.08483741532659,17.26013805434965,1.7935289291420424,2,27.10580919925691,34.787011399506206,1.4311996572326342,0.0,4.992404732635669,16.91023182475137,6.558985242916289,39.847444591115746,0.0,0.0,36.21052631578947,0.0,5.687386274683562,0.0,23.20187978046503,34.7502632822328,4.736862953800049,10.114318268765572,23.98029652417896,29.16207956328885,0.0,0.0,0.0,84.96000000000001,82.91869947658518,10.94054856554736,10.47404118445154,15.20553578618852,-2.433355825354833,-1.0910415616864027,-8.304529076033706,-3.466098198538675,-3.3549114622700937,0.0,0,1,0,0,0,0,0,0,0,0,0,0,0,0,1,2,0,0,0,0,0,0,0,0,0,2,0,0,0,0,0,0,0,0,1,0,0,0,0,0,0,1,0,0,2,0,0,0,0,0,0,0,0,0,0,0,0,0,1,1,0,0,0,0,0,0,0,0,0,0,0,0,0,0,0,0,0,0,0,0,0,0,0,0,0,0.5249247985604576
mol_0185,O=[N+]([O-])c1cc(Cl)cc(-c2cc(Cl)cc([N+](=O)[O-])c2O)c1O,,2.631738962079109,2.2543699371539554,-2.089272202737896,2.459432466650662,-1.9350058286132092,6.317065684263078,-0.385629373563844,35.49678406062188,10.014296126572203,3.218331870112996,955.6305706218217,21.49711733102786,16.09984587980155,11.611703771838458,13.00421283519708,8.030219683240997,5.969652048331724,3.7476459291431454,4.503574875161599,2.425210716690128,2.803175189699355,1.5629334187443495,1.9309221989741217,78.0622627551001,20.228636537531145,0.0,0.0,0.0,0.0,0.0,0.0,0.0,10.217616382214425,31.54731331961118,343.96029127200006,0.9090909090909091,1.2727272727272727,1.5454545454545454,0.0,-2.58,22,339.0460000000001,855762.5582992639,9.439801253953346,5.6620482479829155,2.7376269473758827,140.59261224597728,11.307060928795387,0.5016577977141174,11.307060928795387,0.31234908935885375,0.785596182917611,0.31234908935885375,-1.1573554421768704,-0.5016577977141174,3.8880000000000012,78.5364,345.094,2,8,0,0,0,0,2,0,2,0,28,29,0,6,2,10,0,0,2,5,0,0,0,0,0,114,10.217616382214425,0.0,0.0,11.49902366656781,2.8623993144652684,11.374772549367124,20.228636537531145,0.0,0.0,0.0,23.20187978046503,12.08483741532659,33.25700702620323,15.32965632231622,2.4294822796024307,2,25.547272704530645,34.57665232983216,2.8623993144652684,0.0,0.0,0.0,0.0,54.44357799566698,0.0,22.6259266499618,13.909090909090908,0.0,11.374772549367124,11.49902366656781,23.20187978046503,22.926637794315038,0.0,20.228636537531145,5.483034224680881,24.16967483065318,10.045266627482652,11.126902983393991,0.0,126.74000000000001,45.59518793216875,11.566222705131434,20.33782902564318,29.410092347638646,-3.925914588057444,-2.0846384479717806,-3.6765567523305602,0.0,0.0,0.0,0,0,0,0,0,0,0,2,0,0,0,0,0,0,0,2,0,0,0,0,0,0,0,0,0,0,0,0,0,0,0,0,0,0,2,0,0,0,0,0,0,0,0,0,2,0,0,0,0,0,0,0,0,0,0,0,0,0,2,2,0,0,0,0,0,2,2,0,0,0,0,0,0,0,0,0,0,0,0,0,0,0,0,0,0,0.6417050904059041
mol_0186,CCOc1ccc([N+](=O)[O-])cc1CNCCCl,,2.5548669710746106,2.106065781571996,-2.099013887844675,2.236269101750249,-2.161549852671026,6.175414743985178,-0.3844939101730108,35.495663100818206,10.148223353945882,4.0654844978235385,913.6032213677278,25.825908934703556,22.99713653540073,8.753065481419187,13.925262033312666,11.330412887388482,4.261163764897752,2.318866188176166,2.50784842468078,1.3664283130443475,1.450943738517199,0.7874531473430418,0.8297108600794676,77.59743357697796,10.114318268765572,0.0,0.0,0.0,0.0,0.0,0.0,0.0,4.736862953800049,32.20340175494379,258.07712002000005,1.8235294117647058,2.6470588235294117,3.2941176470588234,0.45454545454545453,-1.33,17,243.58499999999998,1425774.1716118394,3.585103286677951,7.085302930483118,4.203265544455529,126.0083771887319,11.295021022297806,0.4935387136942666,11.295021022297806,0.26952238690901137,0.7728887944066516,0.26952238690901137,-3.794406651549509,-0.4935387136942666,2.3219000000000003,66.69210000000002,258.70500000000004,1,5,0,0,0,0,1,0,1,0,32,32,0,4,1,6,0,0,1,7,0,0,0,0,0,94,10.046676307088426,7.161353911612106,0.0,0.0,5.687386274683562,0.0,10.114318268765572,0.0,0.0,11.600939890232516,0.0,12.894310824958975,48.81094200456119,18.336089072585057,1.4942084013637613,1,30.262635867328992,17.28832616491608,0.0,5.309813353288376,0.0,13.348751801611623,18.88795165060594,33.80502588345245,0.0,5.749511833283905,27.529411764705884,10.046676307088426,5.687386274683562,5.749511833283905,11.600939890232516,23.81126269942361,6.496859684315945,10.114318268765572,31.60596339537575,18.127256122989884,1.4118420783282006,0.0,0.0,64.4,118.2695014525957,5.239539802023417,9.92817206615156,10.522132227891156,-3.0586745716805233,-4.940861717372134,-4.355392315619664,0.0,-14.743305832878423,0.0,0,0,0,0,0,0,0,0,0,0,0,0,0,0,0,1,1,0,0,0,0,0,0,0,0,1,0,0,0,0,0,0,0,0,1,0,0,0,0,0,0,1,0,0,1,0,0,0,0,0,0,0,0,0,0,0,0,0,1,1,0,0,0,0,0,0,0,0,0,0,0,0,0,0,0,0,0,0,0,0,0,0,0,0,0,0.35281556877580755
mol_0187,COc1ccc([N+](=O)[O-])cc1CNCCCl,,2.4808114556856222,2.1006174010614034,-2.0808973030642237,2.230995343453377,-2.1586917528831804,6.175413307978472,-0.38449243021303037,35.495663050020084,10.149501519429917,3.9895563336857682,822.7737310075494,23.325908934703556,20.49713653540073,8.253065481419187,12.675262033312665,10.080412887388482,4.011163764897752,2.2168041155602003,2.405786352064814,1.3153972767363644,1.3999127022092162,0.736422111035059,0.7786798237714847,71.22450867564858,10.114318268765572,0.0,0.0,0.0,0.0,0.0,0.0,0.0,4.736862953800049,29.46188464260335,244.061469956,1.875,2.6875,3.3125,0.4,-1.33,16,231.57399999999998,412263.72851729236,3.5805424311961054,6.2955417508561435,3.3574943207124557,116.83349407399966,11.18872472600151,0.49641718273405355,11.18872472600151,0.26952238219366204,0.7087944066515495,0.26952238219366204,-3.6689814814814827,-0.49641718273405355,1.9317999999999997,62.07510000000003,244.6780000000001,1,5,0,0,0,0,1,0,1,0,29,29,0,4,1,6,0,0,1,6,0,0,0,0,0,88,10.046676307088426,7.161353911612106,0.0,0.0,5.687386274683562,0.0,10.114318268765572,0.0,0.0,11.600939890232516,0.0,6.042418707663295,44.69866633605052,20.185814844721577,1.4088408978941902,1,27.521118754988553,17.28832616491608,0.0,5.309813353288376,0.0,6.496859684315945,19.36691886657224,33.80502588345245,0.0,5.749511833283905,25.75,10.046676307088426,5.687386274683562,5.749511833283905,11.600939890232516,24.29022991538991,6.496859684315945,10.114318268765572,22.012554165739633,18.127256122989884,1.4118420783282006,0.0,0.0,64.4,102.27484320760198,5.22407836951653,9.874393130966375,10.479930319349961,-2.851177406147644,-4.70903301366843,-4.027784605869098,0.0,-7.281725166918621,-3.3724137237199425,0,0,0,0,0,0,0,0,0,0,0,0,0,0,0,1,1,0,0,0,0,0,0,0,0,1,0,0,0,0,0,0,0,0,1,0,0,0,0,0,0,1,0,0,1,0,0,0,0,0,0,0,0,0,0,1,0,0,1,1,0,0,0,0,0,0,0,0,0,0,0,0,0,0,0,0,0,0,0,0,0,0,0,0,0,0.35946652910940097
mol_0188,COP(=S)(OC)Oc1cc(Cl)c([N+](=O)[O-])c(Cl)c1,,2.3654990338435504,2.232881329085707,-2.178857773329018,2.4941861351810877,-1.9776213318313673,8.072808619581615,-0.38417093625155896,35.496836973901836,10.282304612822948,3.537414762571033,738.3694372849118,20.662772227887025,16.09984587980155,11.3226275437661,11.47345019190132,7.809388821465333,7.121356369174564,2.533880075328727,6.073599556352137,1.4716346088459722,3.5428449051358313,0.8189991279684615,2.01630738147221,59.28482534972273,10.114318268765572,0.0,0.0,0.0,0.0,0.0,0.0,0.0,9.047494323423635,50.498551480177284,330.9237853460002,1.4444444444444444,1.9444444444444444,2.3333333333333335,0.25,-0.4300000000000001,18,324.037,115672.90275494961,7.378283226900658,6.143817087724864,3.536851605559146,129.3811233176294,10.936258632349226,0.4240201708114854,10.936258632349226,0.37952116156716825,0.8376691232048363,0.37952116156716825,-4.635514534517511,-0.4240201708114854,3.7977000000000025,72.04740000000001,332.10099999999983,0,6,0,0,0,0,1,0,1,0,26,26,0,6,0,10,0,0,1,5,0,0,0,0,0,100,13.571241485135452,15.794778460766558,0.0,0.0,0.0,12.405993507046741,10.114318268765572,0.0,0.0,0.0,23.20187978046503,0.0,37.967598421730415,15.88937949817943,2.5183790315281116,1,29.46062098331488,47.41472937615042,0.0,0.0,0.0,0.0,14.075904917765177,32.244422311574816,0.0,5.749511833283905,19.22222222222222,4.5237471617118175,5.687386274683562,5.749511833283905,29.92048701282821,18.99921596658285,20.85435041206228,10.114318268765572,10.96606844936176,12.08483741532659,10.045266627482652,0.0,0.0,70.83,71.43834596176498,16.034427227681192,9.893088753286492,9.260920385939553,-0.9606809807256236,-0.9283024691358015,-1.906897518266566,0.0,-4.635514534517511,-6.5009423815822664,0,0,0,0,0,0,0,0,0,0,0,0,0,0,0,1,0,0,0,0,0,0,0,0,0,0,0,0,0,0,0,0,0,0,1,0,0,0,0,0,0,0,0,0,2,0,0,0,0,0,0,0,0,0,0,0,0,0,1,1,0,0,0,0,0,0,0,0,0,0,0,0,0,0,0,0,0,0,0,0,0,0,0,0,0,0.46398750245027975
mol_0189,CCOP(=S)(OC)Oc1ccc([N+](=O)[O-])cc1,,2.4542291316674185,2.19587767372533,-2.1884042468274085,2.4846178574362985,-1.9921407189882752,8.072880687254766,-0.3844484136963247,32.45299144024005,10.295015203325184,3.609120239831782,841.783046555611,23.162772227887025,19.843916933783095,9.554840705710737,12.723450191901321,9.681424348456106,6.237462950146882,2.257977674935466,5.04176820994042,1.243780493327271,2.8592825585797264,0.6549701728717483,1.5288810579142018,67.69732103889606,10.114318268765572,0.0,0.0,0.0,0.0,0.0,0.0,0.0,9.047494323423635,32.7797059243931,277.01738011400033,1.6470588235294117,2.3529411764705883,2.8823529411764706,0.3333333333333333,-1.01,17,265.142,404653.299229324,4.58612547277067,6.0671761359136145,4.050302152073314,120.75941497893392,10.937805923441971,0.42412687432264207,10.937805923441971,0.37978201213183554,1.139328546233308,0.37978201213183554,-4.953855583900228,-0.42412687432264207,2.881000000000002,66.64440000000002,277.2379999999998,0,6,0,0,0,0,1,0,1,1,29,29,0,6,0,8,0,0,1,6,0,0,0,0,1,94,9.047494323423635,5.749511833283905,0.0,0.0,5.687386274683562,6.718607232363179,14.63806543047739,0.0,0.0,0.0,0.0,18.93672953262227,35.04192163135849,23.819123297265936,1.6367547661588089,1,34.94365520799577,24.212849595685388,0.0,0.0,0.0,6.851892117295679,13.596937701798877,34.28399309941875,0.0,5.749511833283905,26.58823529411765,4.5237471617118175,5.687386274683562,5.749511833283905,6.718607232363179,18.52024875061655,20.85435041206228,10.114318268765572,23.300994791338315,24.16967483065318,0.0,0.0,0.0,70.83,101.80563272797893,4.710640957000085,9.746644767978868,10.937805923441971,-1.2119155486268582,-1.139328546233308,-4.695598151297554,0.0,-12.027985769383005,-3.403674138636937,0,0,0,0,0,0,0,0,0,0,0,0,0,0,0,1,0,0,0,0,0,0,0,0,0,0,0,0,0,0,0,0,0,0,1,0,0,0,0,0,0,0,0,0,0,0,0,0,0,0,0,0,0,0,0,0,0,0,1,1,0,0,0,0,0,0,0,0,0,0,0,0,0,0,0,0,0,0,0,0,0,0,0,0,0,0.45208397745884765
mol_0190,CCOP(=S)(OCC)Oc1ccc([N+](=O)[O-])cc1,,2.5331818201874787,2.209254253944932,-2.203019227733956,2.4923244288484083,-2.0157842737064833,8.072965342781153,-0.38444853437507587,32.45299186572973,10.295015051499496,3.724128488926005,901.6906402644772,25.662772227887025,22.343916933783095,10.054840705710737,13.973450191901321,10.931424348456106,6.487462950146882,2.360039747551432,5.143830282556387,1.2894240397860348,2.996213197956018,0.7108718723092431,1.8083895551016755,74.07024594022545,10.114318268765572,0.0,0.0,0.0,0.0,0.0,0.0,0.0,9.047494323423635,35.521223036733545,291.0330301780004,1.4444444444444444,2.0,2.4444444444444446,0.4,-1.01,18,277.153,1408195.7738422195,4.523214193005456,6.797884586240475,4.343346752924327,129.93429809366614,11.010464325645827,0.42412072958764624,11.010464325645827,0.38004453738945143,1.2280413207523595,0.38004453738945143,-5.22281391723356,-0.42412072958764624,3.2711000000000023,71.26140000000002,291.26499999999976,0,6,0,0,0,0,1,0,1,0,32,32,0,6,0,8,0,0,1,7,0,0,0,0,0,100,4.5237471617118175,5.749511833283905,0.0,0.0,5.687386274683562,6.718607232363179,19.161812592189207,0.0,0.0,0.0,0.0,25.78862164991795,32.11624484098655,29.007349984012006,1.70823822460533,1,37.685172320336214,24.212849595685388,0.0,0.0,0.0,13.703784234591359,13.117970485832577,34.28399309941875,0.0,5.749511833283905,25.555555555555557,4.5237471617118175,5.687386274683562,5.749511833283905,6.718607232363179,18.04128153465025,20.85435041206228,10.114318268765572,32.894404020974434,24.16967483065318,0.0,0.0,0.0,70.83,117.73985672124428,4.749529845888974,9.782423004893468,11.010464325645827,-1.2656192523305625,-1.239243512219703,-4.984763007054672,0.0,-19.820425903845372,0.0,0,0,0,0,0,0,0,0,0,0,0,0,0,0,0,1,0,0,0,0,0,0,0,0,0,0,0,0,0,0,0,0,0,0,1,0,0,0,0,0,0,0,0,0,0,0,0,0,0,0,0,0,0,0,0,0,0,0,1,1,0,0,0,0,0,0,0,0,0,0,0,0,0,0,0,0,0,0,0,0,0,0,0,0,0,0.4359809048867015
mol_0191,COP(=S)(OC)Oc1ccc(Cl)c([N+](=O)[O-])c1,,2.364437217463936,2.207525845189814,-2.174480834489257,2.484229142775101,-1.974825436009059,8.072802071440822,-0.3843297842818407,35.49569218035415,10.287180146666193,3.577109776438461,765.090112271931,20.662772227887025,16.72188140679232,10.188734124738419,11.473450191901321,8.120406584960719,6.554409659660723,2.3448978388241137,5.506652846838296,1.3348857778572396,3.1325984121696333,0.7036390837569065,1.5174408452359236,60.3046107436447,10.114318268765572,0.0,0.0,0.0,0.0,0.0,0.0,0.0,20.85435041206228,28.46151405747631,296.9627576980002,1.588235294117647,2.235294117647059,2.764705882352941,0.25,-0.7200000000000001,17,288.584,115502.75807311326,5.947671446883512,5.7492847273886705,3.6210187390889312,120.48282759091553,11.023074609473419,0.42387010392344837,11.023074609473419,0.3795235189336994,0.83413777084908,0.3795235189336994,-4.703905895691611,-0.42387010392344837,3.144300000000002,67.0374,297.65599999999984,0,6,0,0,0,0,1,0,1,0,26,26,0,6,0,9,0,0,1,5,0,0,0,0,0,94,13.571241485135452,10.772145147025231,0.0,0.0,5.687386274683562,6.718607232363179,10.114318268765572,0.0,0.0,0.0,11.600939890232516,12.08483741532659,25.882761006403825,23.30255676201294,2.011462153711356,1,30.8313795394851,35.8137894859179,0.0,0.0,0.0,0.0,14.075904917765177,33.26420770549679,0.0,5.749511833283905,20.41176470588235,4.5237471617118175,5.687386274683562,5.749511833283905,18.319547122595694,18.99921596658285,20.85435041206228,10.114318268765572,12.33682700553198,18.127256122989884,5.022633313741326,0.0,0.0,70.83,78.7299188240111,10.24884908387223,9.891860433988409,10.188936838624338,-1.1185333207357016,-1.066728395061728,-3.0182394809775754,0.0,-4.703905895691611,-6.568824754696121,0,0,0,0,0,0,0,0,0,0,0,0,0,0,0,1,0,0,0,0,0,0,0,0,0,0,0,0,0,0,0,0,0,0,1,0,0,0,0,0,0,0,0,0,1,0,0,0,0,0,0,0,0,0,0,0,0,0,1,1,0,0,0,0,0,0,0,0,0,0,0,0,0,0,0,0,0,0,0,0,0,0,0,0,0,0.47218600872750705
